# stan_version_major = 2
# stan_version_minor = 21
# stan_version_patch = 0
# model = sblrc_blr_model
# method = sample (Default)
#   sample
#     num_samples = 1000 (Default)
#     num_warmup = 1000 (Default)
#     save_warmup = 0 (Default)
#     thin = 1 (Default)
#     adapt
#       engaged = 1 (Default)
#       gamma = 0.050000000000000003 (Default)
#       delta = 0.80000000000000004 (Default)
#       kappa = 0.75 (Default)
#       t0 = 10 (Default)
#       init_buffer = 75 (Default)
#       term_buffer = 50 (Default)
#       window = 25 (Default)
#       num_cross_chains = 4 (Default)
#       cross_chain_window = 100 (Default)
#       cross_chain_ess = 50 (Default)
#     algorithm = hmc (Default)
#       hmc
#         engine = nuts (Default)
#           nuts
#             max_depth = 10 (Default)
#         metric = diag_e (Default)
#         metric_file =  (Default)
#         stepsize = 1 (Default)
#         stepsize_jitter = 0 (Default)
# id = 0 (Default)
# data
#   file = sblrc-blr.data.R
# init = 2 (Default)
# random
#   seed = -1 (Default)
# output
#   file = output.csv.mpi.0
#   diagnostic_file =  (Default)
#   refresh = 100 (Default)
lp__,accept_stat__,stepsize__,treedepth__,n_leapfrog__,divergent__,energy__,beta.1,beta.2,beta.3,beta.4,beta.5,sigma
# Adaptation terminated
# Step size = 0.116289
# Diagonal elements of inverse mass matrix:
# 7.22618e-06, 7.22445e-06, 7.3466e-06, 7.20247e-06, 7.15267e-06, 0.00550263
-163.877,0.867057,0.116289,3,7,0,167.201,0.998742,0.998335,0.996548,0.998016,0.998105,1.02264
-163.574,0.909398,0.116289,3,7,0,166.445,0.998613,0.997689,0.997707,0.99796,0.997166,1.00919
-164.88,0.999083,0.116289,5,31,0,165.552,1.00054,1.00017,0.999394,1.0002,0.999017,1.14673
-165.281,0.944101,0.116289,3,15,0,168.155,1.00013,0.998327,0.998814,0.998779,0.999498,1.16181
-168.691,0.911583,0.116289,4,31,0,170.927,1.00245,1.00051,0.999309,1.00082,1.00117,1.08746
-164.498,0.96989,0.116289,3,7,0,170.507,1.00056,0.999952,1.00029,1.0003,0.999493,1.06383
-163.37,0.94507,0.116289,4,23,0,167.388,0.998971,0.997524,0.99735,0.997526,0.997693,0.944766
-162.332,0.851408,0.116289,3,15,0,166.579,0.999308,0.998898,0.99775,0.999,0.998289,0.988654
-162.936,0.988049,0.116289,4,23,0,163.895,1.00045,1.0001,0.999268,1.00024,0.99954,1.03955
-164.947,0.80332,0.116289,3,7,0,166.533,0.999559,0.999146,0.999237,0.998775,0.999655,1.07915
-168.729,0.837486,0.116289,3,7,0,170.177,0.999952,0.999822,0.998066,1.0001,0.997709,1.10134
-173.124,0.79163,0.116289,2,3,0,174.84,1.00054,0.999962,0.99809,1.00017,0.997331,1.09023
-167.206,1,0.116289,3,7,0,175.328,0.999831,0.998259,0.999665,0.99832,0.999279,1.13009
-165.82,0.998668,0.116289,3,11,0,168.404,0.999965,0.998217,0.999368,0.998292,0.998908,1.11987
-163.584,1,0.116289,3,7,0,165.902,0.999986,0.999443,0.998112,0.999797,0.998971,1.10588
-169.198,0.721611,0.116289,3,7,0,170.236,0.997873,0.997448,0.998295,0.998667,0.998584,1.11693
-164.079,0.995159,0.116289,2,7,0,169.435,0.999795,0.998094,0.997256,0.997922,0.998068,1.11262
-165.134,0.84215,0.116289,2,7,0,168.204,0.9992,0.997826,0.996533,0.997371,0.998056,1.11922
-164.552,0.878874,0.116289,4,23,0,169.736,1.00123,0.999612,0.99896,0.999642,0.999571,1.14837
-165.314,0.962378,0.116289,5,31,0,167.82,0.998886,0.998538,0.998382,0.99892,0.998636,1.19844
-165.202,0.987549,0.116289,5,31,0,168.099,1.0005,0.998911,0.998964,0.999919,0.998986,1.19227
-164.1,0.962725,0.116289,4,27,0,168.104,1.00021,1.00003,0.998977,0.999251,0.999912,1.04915
-166.757,0.889312,0.116289,4,23,0,169.613,1.00041,0.998581,0.998764,0.99981,0.998142,0.94937
-168.166,0.954007,0.116289,4,23,0,171.421,1.00099,0.999335,0.998812,1.00028,0.998154,1.12021
-164.297,0.935981,0.116289,2,3,0,170.053,1.0004,0.999537,0.998636,1.00022,0.998869,1.11988
-166.057,0.977291,0.116289,4,15,0,169.249,1.00013,0.999466,0.998845,0.998981,0.999658,1.22857
-165.471,0.972034,0.116289,3,7,0,168.178,1.00056,0.999698,0.999293,1.00022,0.999059,1.20139
-167.596,0.905513,0.116289,3,7,0,169.68,1.00202,1.00069,0.999786,1.00051,0.999667,1.2005
-167.405,0.991149,0.116289,4,15,0,169.296,1.00087,1.00072,1.00057,1.00109,1.00109,1.16057
-172.44,0.841904,0.116289,3,7,0,174.565,1.00108,1.00225,0.999623,1.00074,0.999411,1.19513
-165.477,0.996884,0.116289,4,23,0,175.277,1.0008,0.998652,0.999732,0.999672,0.998872,1.03251
-165.37,0.996856,0.116289,5,31,0,167.849,1.00035,0.998826,0.999897,0.999495,0.999229,1.15172
-164.917,0.937026,0.116289,4,23,0,170.65,1.00054,0.998454,0.997535,0.998459,0.998409,1.00921
-164.914,1,0.116289,3,7,0,166.024,0.998869,0.999317,0.998684,0.99948,0.99886,1.01979
-163.376,0.991895,0.116289,3,7,0,166.387,1.00031,0.998847,0.998561,0.999148,0.998204,1.02049
-163.52,0.924473,0.116289,3,7,0,165.479,1.00022,0.99883,0.99782,0.998575,0.998125,1.02397
-163.361,0.981513,0.116289,3,15,0,166.752,0.999762,0.999361,0.999117,0.999442,0.999447,1.10336
-162.672,0.902571,0.116289,3,15,0,165.685,1.00049,0.999498,0.998538,0.999202,0.998938,1.06636
-162.87,0.997528,0.116289,3,15,0,163.294,0.999695,0.99923,0.998791,0.999596,0.999221,1.08364
-163.471,0.945911,0.116289,4,23,0,165.74,0.998833,0.997556,0.997202,0.997595,0.997588,0.923166
-163.51,0.906108,0.116289,2,7,0,164.802,0.998962,0.997739,0.997045,0.998406,0.997893,0.931184
-162.938,0.925579,0.116289,4,15,0,166.087,0.998664,0.998583,0.997545,0.99842,0.998402,1.03232
-163.862,0.903034,0.116289,3,7,0,166.113,0.998863,0.997603,0.998348,0.997924,0.99799,1.01133
-166.287,0.944109,0.116289,3,7,0,167.653,0.998001,0.998385,0.996444,0.998172,0.997634,0.943333
-166.201,1,0.116289,3,7,0,167.202,0.998859,0.996646,0.997243,0.997033,0.997116,0.958225
-166.525,0.766846,0.116289,3,7,0,172.624,0.997933,0.998341,0.996717,0.997582,0.996722,0.957738
-164.752,0.99409,0.116289,2,7,0,168.638,0.998301,0.996982,0.99596,0.997176,0.996972,0.946994
-163.765,0.822758,0.116289,3,7,0,168.585,0.998061,0.997858,0.996767,0.997689,0.997347,0.949826
-162.289,0.997273,0.116289,3,15,0,165.486,1.00006,0.998366,0.998388,0.998829,0.998615,0.996761
-161.938,0.99833,0.116289,3,15,0,162.702,0.999714,0.998648,0.998437,0.999046,0.998997,1.00537
-163.053,0.95325,0.116289,3,15,0,164.376,0.9999,0.999684,0.998782,0.999255,0.998559,1.04516
-163.266,0.995299,0.116289,4,23,0,164.457,0.998682,0.998544,0.997297,0.998148,0.998273,1.08563
-162.695,0.961504,0.116289,3,7,0,164.49,0.999374,0.998375,0.99793,0.998583,0.997924,1.10192
-162.846,0.925842,0.116289,3,7,0,164.278,0.999285,0.998091,0.997877,0.998008,0.998562,1.07406
-162.251,0.955042,0.116289,4,23,0,165.78,1.00016,0.999461,0.998796,0.999662,0.998866,1.03776
-162.083,0.977628,0.116289,3,7,0,162.737,1.00034,0.999074,0.998725,0.999006,0.999052,1.0281
-163.114,0.79502,0.116289,4,23,0,167.327,0.999614,0.998942,0.999034,0.999425,0.998816,1.09047
-163.701,0.915725,0.116289,3,15,0,166.89,1.00113,0.999656,0.999147,0.999698,0.999774,1.11515
-162.804,0.9562,0.116289,3,7,0,164.933,1.00037,0.999619,0.999317,0.999761,0.999606,1.09454
-164.083,0.899429,0.116289,2,7,0,164.606,0.999831,0.999822,0.99866,0.999897,0.999663,1.09215
-162.969,0.966297,0.116289,3,15,0,166.486,0.999759,0.998766,0.998534,0.998557,0.998131,1.07305
-162.837,0.879463,0.116289,3,15,0,168.087,1.00077,0.999921,0.998842,1.00008,0.999655,1.04039
-162.773,0.951438,0.116289,5,31,0,164.407,1.00027,0.999324,0.999461,0.999628,0.999188,1.0718
-162.637,0.991778,0.116289,4,23,0,166.103,0.999523,0.998287,0.997316,0.998243,0.99807,0.959671
-162.998,0.983265,0.116289,4,15,0,163.659,0.999374,0.999163,0.998415,0.999351,0.998695,0.94808
-162.604,0.975348,0.116289,5,31,0,164.399,0.999328,0.999093,0.998586,0.999309,0.998678,1.03794
-162.943,0.972181,0.116289,3,15,0,164.094,0.999451,0.999016,0.998226,0.9996,0.998585,1.04361
-165.007,0.919255,0.116289,3,15,0,169.363,0.998664,0.997421,0.996183,0.996917,0.997034,0.966425
-163.85,0.6805,0.116289,3,7,0,172.3,0.998191,0.997985,0.996814,0.998356,0.997457,1.00334
-164.051,0.985299,0.116289,4,31,0,166.438,0.999328,0.997746,0.997687,0.997521,0.997958,0.944535
-164.687,0.88464,0.116289,4,31,0,167.726,0.998278,0.998293,0.997294,0.998799,0.997507,1.00853
-162.928,0.892729,0.116289,2,7,0,167.792,0.998999,0.997986,0.997556,0.998273,0.997345,1.00673
-164.92,0.812384,0.116289,4,23,0,167.759,1.00004,0.999115,0.998314,0.999294,0.999689,1.17278
-167.904,0.920165,0.116289,3,7,0,168.93,1.00135,0.999601,0.998331,0.999967,0.998765,1.20543
-166.893,0.939857,0.116289,4,23,0,172.796,0.998572,0.998264,0.998424,0.998309,0.996968,1.05034
-167.935,0.964343,0.116289,2,3,0,168.484,0.998522,0.998293,0.998592,0.998508,0.996959,1.05372
-167.305,1,0.116289,3,7,0,168.988,1.00066,0.998961,0.997603,0.999017,0.999952,1.07986
-166.579,0.961279,0.116289,3,7,0,170.069,1.00016,1.0002,1.00044,1.00007,0.999138,1.07331
-165.172,0.955606,0.116289,3,15,0,169.119,1.00095,0.999216,0.997826,0.999694,0.999315,1.06409
-165.015,0.982246,0.116289,3,15,0,167.109,0.999157,0.998834,0.999382,0.99889,0.998441,1.01119
-162.209,0.984544,0.116289,3,15,0,166.322,1.00015,0.999676,0.998558,0.999427,0.999147,1.0052
-164.153,0.866597,0.116289,3,15,0,165.329,1.00097,0.999191,0.999274,1.00045,0.999483,1.01689
-170.381,0.677087,0.116289,3,7,0,173.348,1.00139,1.00098,0.999842,0.99922,0.99961,0.948499
-167.585,1,0.116289,2,3,0,170.624,1.00128,1.00097,0.999776,0.999681,0.999555,0.952396
-167.452,1,0.116289,3,7,0,168.651,1.00121,0.999905,0.999676,1.00133,1.00067,0.961327
-166.434,0.995833,0.116289,3,7,0,168.539,1.0014,0.999811,1.00011,1.00107,1.00074,0.961438
-167.121,0.881547,0.116289,3,7,0,170.066,1.00138,1.00161,1.00005,1.0006,1.00019,0.974357
-168.554,0.952577,0.116289,3,7,0,169.737,1.00151,0.999501,1.00063,1.00101,1.00079,0.94785
-166.733,0.969973,0.116289,3,7,0,170.917,1.00108,1.00059,0.999921,0.999454,0.999503,0.950628
-164.597,0.988462,0.116289,2,7,0,169.964,1.00134,1.00062,0.999812,1.00013,1.00011,0.944273
-162.747,0.999854,0.116289,4,15,0,164.961,1.00026,0.999393,0.998838,0.99901,0.999196,0.945996
-165.683,0.691577,0.116289,3,7,0,167.891,1.00096,0.999272,0.999003,0.999681,0.998617,0.92936
-163.541,1,0.116289,3,7,0,166.244,1.00058,0.999167,0.999211,0.999356,0.999475,0.918684
-164.456,0.994358,0.116289,5,31,0,166.814,0.998249,0.997636,0.99691,0.9975,0.997297,1.17137
-169.603,0.77197,0.116289,2,7,0,171.259,0.998163,0.998896,0.996387,0.998693,0.996804,1.17653
-172.471,0.914571,0.116289,3,15,0,176.301,1.0001,0.997752,0.999408,0.998892,1.00044,1.22832
-167.349,1,0.116289,3,7,0,174.663,1.00054,0.998149,0.998874,0.998547,0.998163,1.19631
-166.317,0.99742,0.116289,4,15,0,168.355,0.999809,1.00013,0.998338,0.999707,0.999364,1.20662
-168.38,0.938485,0.116289,4,15,0,171.269,1.00209,0.999725,1.00058,1.00057,1.00045,1.23294
-165.208,0.980326,0.116289,4,15,0,170.103,1.00017,0.998196,0.997872,0.998676,0.998301,1.19382
-162.281,0.991245,0.116289,4,23,0,166.064,1.00043,0.998937,0.998542,0.998979,0.99886,1.01605
-163.891,0.849572,0.116289,4,23,0,166.289,1.00006,0.999817,0.999161,0.999843,1.00004,1.06485
-162.797,0.95908,0.116289,3,15,0,167.573,0.999601,0.999322,0.998002,0.998716,0.998464,1.07491
-163.739,0.940584,0.116289,3,7,0,164.697,0.999599,0.997801,0.998586,0.998823,0.998722,1.06341
-164.198,0.872559,0.116289,2,7,0,167.427,0.999571,0.99933,0.997408,0.998505,0.998877,1.0595
-163.261,0.99635,0.116289,4,23,0,165.426,0.999118,0.998683,0.998242,0.999062,0.99796,0.97504
-163.961,0.997022,0.116289,3,15,0,165.2,1.00015,0.998668,0.998075,0.998486,0.99905,0.926381
-162.697,0.982138,0.116289,5,31,0,165.692,0.998752,0.997499,0.996791,0.997851,0.997358,1.02273
-163.674,0.969114,0.116289,3,7,0,164.157,0.997862,0.99715,0.996742,0.996963,0.997167,1.01333
-162.673,0.964728,0.116289,3,15,0,165.469,1.00021,0.998582,0.998299,0.998808,0.999188,1.02914
-162.696,0.913342,0.116289,3,7,0,164.836,0.999737,0.99922,0.999031,0.999464,0.998662,1.01087
-162.367,0.997708,0.116289,3,15,0,164.037,0.999506,0.998772,0.997545,0.99877,0.998717,1.00605
-162.222,0.99944,0.116289,4,31,0,163.418,0.999276,0.998171,0.997978,0.998357,0.997878,1.04787
-163.117,0.839391,0.116289,2,7,0,164.943,0.999007,0.998532,0.99769,0.997915,0.997625,1.06442
-163.214,0.880378,0.116289,3,15,0,167.378,0.999681,0.998155,0.998442,0.999265,0.998955,1.02164
-165.11,0.887187,0.116289,3,15,0,167.374,0.999277,0.997612,0.99831,0.998884,0.999029,1.04401
-165.55,0.967846,0.116289,2,7,0,167.202,0.998983,0.997789,0.998155,0.99911,0.999036,1.05384
-166.027,0.993376,0.116289,4,31,0,169.222,0.999463,0.998553,0.998842,0.998392,0.998335,1.22803
-167.632,0.971345,0.116289,3,7,0,167.959,1.00005,0.998627,0.997082,0.99907,0.998707,1.25515
-167.699,0.933323,0.116289,3,7,0,170.848,0.999083,0.997934,0.998512,0.998072,0.998034,1.2835
-167.664,0.933675,0.116289,4,15,0,170.669,0.99929,0.998004,0.996054,0.997736,0.998209,1.19637
-169.295,0.946725,0.116289,2,3,0,170.012,0.99965,0.998132,0.995788,0.997866,0.998062,1.20033
-166.842,0.985507,0.116289,3,7,0,171.564,0.998352,0.998143,0.996767,0.998136,0.998546,1.19561
-163.786,0.899448,0.116289,4,31,0,170.885,0.998163,0.99802,0.996934,0.997909,0.996987,1.03372
-163.478,0.802017,0.116289,3,15,0,168.208,0.998691,0.997492,0.997201,0.997387,0.998038,1.07337
-163.325,0.987154,0.116289,5,31,0,164.486,1.0001,0.998594,0.998521,0.999349,0.998413,1.10365
-165.261,0.936273,0.116289,3,15,0,168.762,0.999847,0.999243,0.997789,0.999729,0.998246,1.14891
-169.073,0.771951,0.116289,3,7,0,172.486,1.00108,0.997965,0.997486,0.999008,0.99852,1.17071
-165.571,0.99191,0.116289,3,15,0,170.206,0.998787,0.999288,0.998936,0.998803,0.998678,1.11985
-164.825,0.995408,0.116289,3,7,0,168.401,1.00068,0.998099,0.998371,0.998794,0.998675,1.07899
-164.607,0.999134,0.116289,3,7,0,166.107,0.999231,0.999953,0.998503,0.999347,0.998791,1.03742
-165.948,0.958626,0.116289,3,11,0,167.874,1.00032,0.997482,0.998382,0.998478,0.99868,1.00514
-164.89,1,0.116289,3,7,0,167.259,0.998922,0.999639,0.99829,0.999029,0.998511,0.979536
-164.453,0.969589,0.116289,3,15,0,168.507,1.0004,0.998892,0.999754,0.999651,0.999935,1.04528
-164.406,0.993576,0.116289,3,15,0,165.971,1,0.99969,0.997779,0.998922,0.998312,1.0779
-165.613,0.921695,0.116289,3,15,0,172.294,0.998241,0.996631,0.996975,0.997161,0.997834,1.12468
-165.74,0.966964,0.116289,3,7,0,167.941,0.998027,0.997497,0.996103,0.99791,0.996843,1.16294
-164.949,0.960942,0.116289,3,7,0,167.075,0.998395,0.997162,0.996935,0.997942,0.997039,1.16316
-169.051,0.753893,0.116289,2,3,0,169.804,0.99888,0.99614,0.99637,0.998197,0.99725,1.15508
-169.725,0.983116,0.116289,3,7,0,170.846,0.997243,0.998355,0.996707,0.996436,0.996997,1.12928
-168.371,0.993665,0.116289,3,7,0,173.797,0.998787,0.997135,0.995128,0.99743,0.996563,1.09597
-168.763,0.997364,0.116289,5,31,0,171.921,1.00231,0.999976,0.999677,1.00151,1.00095,1.13054
-165.063,1,0.116289,2,3,0,169.382,1.00129,1.00022,1.00024,1.00098,1.00069,1.11876
-166.852,0.932703,0.116289,5,31,0,168.988,0.998137,0.996867,0.996749,0.99726,0.996077,1.15712
-168.768,0.990583,0.116289,3,7,0,171.182,0.996575,0.997276,0.995463,0.996788,0.996302,1.18655
-163.73,0.948153,0.116289,4,23,0,173.838,0.999136,0.998918,0.999024,0.998812,0.998653,0.994249
-162.292,0.945337,0.116289,3,15,0,166.884,0.999176,0.998208,0.997529,0.998209,0.998524,1.02786
-162.406,0.873697,0.116289,4,23,0,166.047,0.999516,0.999105,0.998699,0.999327,0.998923,0.978742
-163.197,0.924723,0.116289,4,23,0,166.536,1.00041,1.00014,0.99862,0.999824,0.999533,1.02041
-163.895,0.963968,0.116289,2,7,0,165.386,1.00108,1.00054,0.999173,1.00005,0.999571,1.00904
-164.08,0.975056,0.116289,3,7,0,165.104,1.0002,0.998983,0.999565,0.99998,0.999783,1.02544
-162.578,0.996441,0.116289,5,31,0,168.754,1.00014,0.99946,0.998573,0.999947,0.999187,1.02054
-164.974,0.796544,0.116289,2,7,0,166.715,0.999875,0.999147,0.998525,0.998447,0.99972,1.02287
-166.899,0.851552,0.116289,3,15,0,171.617,1.00054,0.999675,0.99884,0.999077,1.00056,1.03513
-163.503,1,0.116289,2,7,0,167.894,1.00068,1.00038,0.999421,0.999657,0.999828,1.04158
-162.288,0.879571,0.116289,4,23,0,166.424,0.999073,0.998575,0.997765,0.998056,0.998096,0.999465
-165.296,0.794887,0.116289,3,7,0,166.617,1.00004,0.998192,0.997527,0.999512,0.998936,0.991376
-162.26,1,0.116289,2,3,0,165.566,0.999507,0.998447,0.998096,0.999163,0.998698,0.988981
-163.947,0.907989,0.116289,3,15,0,167.021,0.998631,0.998433,0.998163,0.997894,0.997618,1.03626
-164.289,0.920349,0.116289,3,15,0,168.399,1.00043,0.998625,0.997697,0.999175,0.999155,0.979028
-166.368,0.871252,0.116289,3,7,0,168.751,0.999665,0.999889,0.999908,0.999461,0.998819,0.98739
-164.635,0.987032,0.116289,2,7,0,168.931,0.99999,1.00005,0.999533,0.99971,0.999951,0.968291
-163.682,1,0.116289,2,3,0,164.826,1.00028,0.999962,0.999655,0.999828,0.999934,0.969117
-163.363,0.946593,0.116289,4,15,0,165.058,1.00083,0.999732,0.998721,1.00008,0.999592,0.959863
-163.291,0.909519,0.116289,3,7,0,164.795,1.00028,0.999595,0.999656,0.999619,0.999575,0.955541
-163.302,0.957305,0.116289,4,31,0,164.495,1.0004,0.99955,0.999426,0.999841,0.999941,0.959263
-162.595,0.999973,0.116289,5,31,0,163.86,0.999184,0.998251,0.997303,0.998233,0.997797,0.945857
-164.263,0.855621,0.116289,2,7,0,164.992,0.999062,0.998933,0.997802,0.997874,0.998246,0.946474
-162.979,0.987366,0.116289,3,15,0,166.104,0.999489,0.997741,0.997745,0.998645,0.997912,1.00109
-162.837,0.995251,0.116289,4,15,0,164.602,0.999086,0.99815,0.997154,0.997666,0.997917,0.97815
-162.177,0.997455,0.116289,3,11,0,163.559,0.999513,0.998678,0.998566,0.998724,0.998291,1.00836
-162.068,0.939812,0.116289,4,19,0,166.261,0.99993,0.998523,0.998319,0.998588,0.998555,0.988195
-163.653,0.81605,0.116289,3,15,0,166.281,0.999392,0.997463,0.997699,0.998558,0.997891,0.982376
-163.79,0.979274,0.116289,3,15,0,168.955,1.00022,1.00003,0.999464,0.999314,0.999682,0.989311
-163.59,0.973658,0.116289,3,7,0,165.616,1.00082,0.999742,0.99995,1.00018,0.999429,0.987047
-162.508,0.964734,0.116289,4,15,0,164.883,1.00047,0.999043,0.998472,0.99966,0.999197,1.04081
-162.985,0.921686,0.116289,4,23,0,165.453,0.999938,0.998718,0.998956,0.998695,0.998974,1.08629
-164.371,0.895557,0.116289,2,3,0,164.899,1.00018,0.998906,0.998857,0.998256,0.998492,1.0834
-165.028,0.962896,0.116289,3,15,0,166.717,0.999537,0.997842,0.997272,0.99906,0.998854,1.06801
-163.929,0.926524,0.116289,2,7,0,168.101,0.999445,0.998423,0.998941,0.99822,0.998483,1.07947
-165.242,0.981148,0.116289,4,23,0,166.382,0.998884,0.998122,0.996281,0.998503,0.997797,1.123
-162.551,0.994003,0.116289,3,15,0,166.16,0.998773,0.998069,0.997851,0.998518,0.998254,1.04934
-163.453,0.81529,0.116289,3,7,0,166.414,0.998863,0.998065,0.996786,0.997479,0.997977,1.05054
-162.906,0.982363,0.116289,4,15,0,166.327,1.00075,0.999967,0.998825,0.999944,0.999379,1.06038
-163.081,0.955386,0.116289,4,31,0,167.161,0.999527,0.998254,0.99818,0.998518,0.998764,1.12079
-162.988,0.898647,0.116289,3,15,0,166.74,0.999239,0.998569,0.997518,0.998708,0.998351,1.12238
-166.691,0.854345,0.116289,3,15,0,170.823,0.997923,0.996499,0.996816,0.99661,0.996924,1.20124
-166.325,0.929663,0.116289,4,15,0,170.249,0.999949,0.998248,0.998478,0.998014,0.998544,1.22378
-164.256,0.994971,0.116289,4,31,0,167.967,0.999595,0.999276,0.997955,0.999705,0.998654,1.13205
-164.12,0.89976,0.116289,4,23,0,168.538,0.999828,0.998082,0.997434,0.997921,0.998405,0.951974
-163.701,0.902639,0.116289,3,7,0,167.069,0.999379,0.997986,0.99848,0.998481,0.998066,0.938226
-163.759,0.968063,0.116289,3,7,0,165.189,0.998705,0.998598,0.99783,0.998594,0.998474,0.932673
-163.028,0.880612,0.116289,2,3,0,165.742,0.999054,0.998218,0.99806,0.998578,0.997918,0.932554
-163.143,0.644394,0.116289,3,7,0,168.042,0.999505,0.998517,0.99807,0.998793,0.998059,0.913956
-162.856,0.990585,0.116289,5,31,0,164.629,0.998578,0.997621,0.996945,0.997655,0.997106,1.00358
-163.719,0.944834,0.116289,4,19,0,164.626,1.00072,0.999917,0.998552,0.99998,0.999923,1.04756
-163.656,1,0.116289,4,15,0,165.01,1.00057,1.00016,0.998818,0.999826,0.999097,1.09338
-162.874,0.933808,0.116289,4,23,0,166.568,1.00058,0.999768,0.999619,0.99965,0.999296,0.992541
-163.276,0.954248,0.116289,3,15,0,165.124,1.00072,0.998958,0.99831,0.999549,0.99936,1.02281
-168.233,0.973552,0.116289,4,27,0,169.402,1.00058,0.998748,0.998297,0.999429,0.999778,1.28185
-166.31,0.926,0.116289,3,7,0,171.162,1.00051,0.999407,0.99843,0.998773,0.999097,1.23761
-164.357,0.981584,0.116289,4,31,0,170.119,1.0011,1.00007,0.999072,0.999228,0.999516,1.01126
-165.313,0.87932,0.116289,3,7,0,168.266,0.999835,0.999651,0.998725,1.00059,0.999279,1.02095
-165.245,0.99871,0.116289,3,7,0,166.067,1.00107,0.999277,0.999049,0.998678,0.999396,1.01797
-166.255,0.999715,0.116289,4,31,0,168.387,1.00095,1.00062,0.998892,0.999558,0.999643,0.932038
-163.577,0.996206,0.116289,4,15,0,168.23,1.00024,0.999323,0.997693,0.999384,0.99899,1.06803
-164.139,0.962504,0.116289,3,15,0,165.787,1.0003,0.998827,0.999661,0.999084,0.999221,1.09167
-164.741,0.965113,0.116289,4,19,0,166.331,0.999217,0.99872,0.996935,0.99857,0.997329,1.06893
-166.804,0.863907,0.116289,3,15,0,169.602,1.00007,0.998365,0.999747,0.999207,0.998275,1.02868
-163.35,1,0.116289,2,3,0,167.38,0.999954,0.998789,0.999465,0.99944,0.998998,1.0196
-162.599,0.950764,0.116289,3,15,0,165.922,1.00042,0.999436,0.998421,0.999148,0.999213,0.970689
-162.421,0.669934,0.116289,3,15,0,169.756,0.999596,0.998158,0.998342,0.999013,0.998558,1.0241
-162.316,0.972544,0.116289,3,15,0,164.261,1.00067,0.999501,0.999008,0.999895,0.999607,1.02166
-163.039,0.976232,0.116289,4,31,0,163.668,1.0008,0.999438,0.998957,0.99991,0.999744,1.0851
-163.847,0.965485,0.116289,3,7,0,164.178,1.00103,0.999314,0.998761,0.999557,0.999789,1.09376
-164.449,0.929228,0.116289,5,31,0,167.001,0.999767,0.999462,0.998894,0.998714,0.998637,1.15154
-163.923,0.976247,0.116289,4,23,0,167.195,0.999335,0.998025,0.998568,0.997928,0.99797,1.01143
-163.197,0.951974,0.116289,3,15,0,165.935,0.999527,0.998778,0.997464,0.999223,0.998787,1.0419
-162.12,1,0.116289,3,7,0,163.466,1.00005,0.998739,0.99836,0.99875,0.998457,1.02899
-162.009,0.997794,0.116289,3,7,0,162.54,0.999625,0.998802,0.998238,0.999116,0.999014,1.0238
-164.409,0.805067,0.116289,2,3,0,164.833,0.999515,0.998413,0.998418,0.999839,0.998803,1.01842
-165.096,0.986899,0.116289,3,15,0,167.221,1.00071,0.999703,0.998664,0.998531,0.999204,1.04532
-162.212,0.938005,0.116289,2,7,0,166.95,1.0005,0.999351,0.998939,0.999243,0.999344,1.03924
-162.755,0.967794,0.116289,4,31,0,163.557,0.999936,0.99888,0.997833,0.998625,0.998502,1.09455
-163.95,0.9674,0.116289,5,31,0,165.47,0.998151,0.997085,0.996204,0.997231,0.997377,0.975187
-165.187,0.928182,0.116289,2,3,0,165.65,0.998097,0.997599,0.995875,0.996879,0.996989,0.972493
-164.78,0.944052,0.116289,4,15,0,167.299,0.998399,0.996897,0.997267,0.997391,0.99671,1.01686
-164.163,0.999531,0.116289,5,31,0,166.675,0.998421,0.997435,0.997616,0.997881,0.998022,1.12773
-165.047,0.897703,0.116289,5,31,0,167.383,0.999832,0.998786,0.999182,0.999842,0.999751,1.11314
-163.587,0.976255,0.116289,4,19,0,166.41,0.999847,0.998914,0.997559,0.998488,0.997874,1.05126
-163.368,1,0.116289,3,7,0,164.242,0.999,0.998013,0.998166,0.998564,0.998825,1.02826
-163.314,0.93352,0.116289,3,7,0,165.158,0.999791,0.999074,0.997932,0.998669,0.997908,1.00994
-162.124,0.753685,0.116289,2,3,0,166.878,0.999528,0.998867,0.99797,0.998365,0.998332,1.02064
-163.067,0.909354,0.116289,2,7,0,164.244,0.999759,0.998604,0.998279,0.998013,0.998458,1.02049
-164.937,0.92781,0.116289,3,15,0,166.084,0.998565,0.997651,0.997327,0.998982,0.997827,1.00025
-164.843,0.918953,0.116289,4,23,0,168.758,0.999488,0.99836,0.997867,0.997542,0.998451,1.13557
-164.369,0.971946,0.116289,3,15,0,167.904,0.99878,0.998453,0.996888,0.998045,0.997327,1.13409
-164.401,0.986847,0.116289,4,15,0,165.05,0.998781,0.997301,0.997572,0.997913,0.99832,1.12332
-163.842,0.996902,0.116289,4,15,0,165.984,0.999791,0.999054,0.997623,0.998492,0.998094,1.11827
-163.772,0.999515,0.116289,4,31,0,167.608,0.998448,0.997555,0.997173,0.997098,0.997322,0.964955
-162.672,0.988293,0.116289,5,31,0,165.071,0.999086,0.997977,0.997581,0.998782,0.998271,1.05684
-163.105,0.871527,0.116289,3,7,0,166.061,0.999673,0.998081,0.997893,0.997831,0.998146,1.02789
-165.219,0.850997,0.116289,3,15,0,167.37,0.998315,0.998211,0.997311,0.99905,0.998134,1.07361
-163.469,1,0.116289,3,7,0,166.502,0.999049,0.998446,0.997336,0.997558,0.99813,1.05644
-168.551,0.736371,0.116289,2,3,0,169.141,0.998249,0.998058,0.997582,0.999619,0.997632,1.06766
-164.713,0.955481,0.116289,3,7,0,171.502,1,0.998519,0.996927,0.998434,0.997993,1.07842
-162.208,0.97124,0.116289,3,15,0,166.341,0.999892,0.998447,0.998455,0.998713,0.998623,1.06134
-163.05,0.94007,0.116289,3,7,0,163.732,0.999876,0.998433,0.997711,0.998783,0.998996,1.0723
-162.987,0.991262,0.116289,3,15,0,164.391,0.999112,0.998772,0.998355,0.998549,0.997904,1.00836
-162.544,0.975619,0.116289,3,15,0,163.956,1.0002,0.998597,0.997865,0.998774,0.998685,1.02601
-163.19,0.984162,0.116289,3,7,0,163.478,0.998844,0.998502,0.998313,0.998729,0.997956,1.05966
-163.381,0.911782,0.116289,2,7,0,165.411,0.998799,0.998741,0.997961,0.997959,0.998076,1.06501
-162.707,0.913449,0.116289,3,7,0,165.665,0.999659,0.997982,0.997438,0.998405,0.998463,1.03532
-167.546,0.828896,0.116289,3,7,0,168.128,1.00024,0.99713,0.997621,0.99796,0.998607,1.02416
-165.427,0.948695,0.116289,3,7,0,172.159,0.999088,0.99877,0.996808,0.999274,0.998091,1.02087
-165.061,0.988019,0.116289,3,11,0,168.656,0.99855,0.997162,0.997675,0.99691,0.997409,1.07089
-165.709,0.940752,0.116289,2,7,0,167.634,0.998799,0.997105,0.998304,0.997434,0.997829,1.07687
-165.418,0.615794,0.116289,3,7,0,175.394,0.998907,0.998284,0.996037,0.997613,0.99767,1.07203
-164.998,1,0.116289,4,23,0,166.713,0.999988,0.998901,0.999573,0.99913,0.99906,0.912321
-164.358,0.929021,0.116289,3,11,0,168.369,0.998726,0.999051,0.997141,0.998542,0.997708,1.01343
-163.901,0.80555,0.116289,3,7,0,169.953,0.998982,0.997582,0.998394,0.997995,0.998217,1.01575
-162.505,0.994358,0.116289,3,15,0,166.432,1.0001,0.999486,0.998234,0.999436,0.998825,1.05939
-162.804,0.950567,0.116289,4,23,0,164.355,0.998608,0.997916,0.996797,0.998171,0.997476,1.00185
-162.892,0.873837,0.116289,2,3,0,164.367,0.998401,0.997766,0.99695,0.997923,0.99795,1.00237
-162.338,0.99403,0.116289,5,31,0,163.527,0.998936,0.998083,0.997672,0.998197,0.998428,1.03765
-163.287,0.875678,0.116289,3,15,0,166.989,0.999719,0.998535,0.998833,0.998814,0.998314,1.10133
-164.088,0.989099,0.116289,3,7,0,164.867,0.999661,0.999224,0.998135,0.999579,0.998934,1.15638
-163.132,0.983802,0.116289,4,19,0,167.07,0.999597,0.998473,0.998849,0.998945,0.998422,1.09261
-162.625,0.853535,0.116289,3,7,0,166.058,0.999481,0.998818,0.998004,0.998415,0.998871,1.06752
-162.821,0.843027,0.116289,3,7,0,166.517,0.999277,0.998138,0.997632,0.998173,0.997655,1.09128
-162.961,0.956909,0.116289,3,15,0,164.363,0.998985,0.998614,0.998349,0.99827,0.998264,1.07456
-162.369,0.990906,0.116289,3,15,0,164.379,1.0002,0.998505,0.998415,0.999145,0.998903,1.04428
-162.061,0.866343,0.116289,3,15,0,166.486,0.999809,0.999228,0.998761,0.999111,0.999157,1.03402
-162.937,0.922051,0.116289,3,15,0,164.43,0.999987,0.999803,0.998684,0.999086,0.999308,1.02998
-168.935,0.869395,0.116289,4,23,0,171.592,0.999744,0.999165,0.998321,0.998882,0.998116,1.33968
-164.908,0.977709,0.116289,5,31,0,171.558,1.00116,0.999309,0.999426,1.00031,0.999208,0.963666
-162.289,1,0.116289,4,31,0,167.006,1.00007,0.999521,0.998939,0.999286,0.999445,1.01573
-163.78,0.869967,0.116289,4,19,0,165.043,0.999137,0.999002,0.997982,0.998774,0.99909,1.09844
-163.922,0.912212,0.116289,3,15,0,167.332,0.999642,0.998067,0.99778,0.99832,0.997891,1.15277
-163.513,0.923901,0.116289,4,23,0,168.004,1.00042,0.999152,0.999349,0.998909,0.998917,0.986216
-163.656,0.92168,0.116289,3,15,0,166.86,0.998265,0.997739,0.996962,0.998356,0.997868,1.00536
-164.116,0.945363,0.116289,3,11,0,165.967,1.00004,0.998763,0.998194,0.997937,0.998336,1.04118
-163.489,0.999266,0.116289,3,15,0,166.171,0.998671,0.997935,0.997031,0.998598,0.998216,1.00855
-164.182,0.949713,0.116289,3,15,0,165.925,0.999058,0.997855,0.996961,0.998951,0.997871,1.01486
-163.754,0.910131,0.116289,3,15,0,166.906,0.999649,0.998919,0.998654,0.998056,0.998622,1.02032
-163.391,0.980489,0.116289,3,7,0,165.851,0.999903,0.998721,0.997779,0.999566,0.998995,1.03014
-163.694,0.999392,0.116289,4,23,0,164.592,0.999122,0.998482,0.998335,0.997774,0.998115,1.06066
-164.649,0.748696,0.116289,3,15,0,169.661,1.00049,0.999125,0.998123,0.999815,0.998343,1.0657
-165.796,0.9721,0.116289,3,7,0,168.583,0.999604,1.00023,0.999333,0.999383,0.999809,1.07364
-164.603,0.990279,0.116289,5,31,0,168.594,0.999092,0.999069,0.998598,0.999507,0.998758,0.937857
-165.207,0.875623,0.116289,3,7,0,167.614,0.998802,0.998817,0.99876,0.998914,0.998792,0.938753
-165.561,0.989415,0.116289,5,31,0,168.025,1.00091,0.999103,0.998397,1.00023,0.99989,1.10251
-164.056,0.940955,0.116289,3,7,0,167.57,1.00095,0.999976,0.999676,0.999409,0.999517,1.09777
-162.714,1,0.116289,3,15,0,164.598,1.00047,0.999138,0.998709,0.999738,0.99942,1.08
-162.557,0.876208,0.116289,5,31,0,165.809,1.00037,0.999754,0.9993,0.999921,0.999198,0.993989
-168.147,0.849938,0.116289,4,23,0,169.495,0.997747,0.996021,0.994945,0.996237,0.996748,1.16567
-167.452,0.976451,0.116289,3,15,0,169.94,0.997479,0.997478,0.997182,0.996945,0.996376,1.1688
-165.616,0.961934,0.116289,5,31,0,170.165,0.999675,0.999973,0.999387,0.99959,0.999081,1.1773
-165.228,0.949236,0.116289,3,7,0,167.547,1.00151,0.99968,0.999297,1.00026,1.00009,1.16062
-162.85,0.9978,0.116289,4,15,0,165.997,0.999923,0.998591,0.99822,0.999021,0.998573,1.12352
-162.686,0.986756,0.116289,3,7,0,163.182,0.999759,0.99878,0.998339,0.998922,0.998499,1.12154
-163.951,0.823007,0.116289,4,23,0,167.969,0.99773,0.996983,0.996411,0.996932,0.996765,1.07851
-163.963,0.949171,0.116289,5,31,0,165.691,1.00113,1.00041,0.999464,1.00033,1.00042,1.08451
-164.985,0.977029,0.116289,5,31,0,166.869,0.998116,0.997424,0.995724,0.997293,0.996568,1.07123
-163.289,0.981632,0.116289,3,7,0,165.515,0.998326,0.99712,0.997078,0.997414,0.997587,1.06328
-165.612,0.872798,0.116289,3,7,0,166.979,0.998362,0.996873,0.997874,0.997451,0.997142,1.09386
-163.01,0.994954,0.116289,4,23,0,167.354,1.00051,0.99968,0.999037,1.00022,0.999138,1.04528
-163.735,0.965826,0.116289,4,23,0,165.848,1.00029,0.999327,0.999053,0.999336,0.999795,1.12827
-164.733,0.952334,0.116289,5,31,0,165.771,0.997961,0.998293,0.997546,0.997731,0.997869,0.99443
-164.458,0.901924,0.116289,4,23,0,169.267,0.998936,0.997439,0.99826,0.998162,0.997782,0.961121
-163.397,0.891198,0.116289,3,7,0,167.456,0.998654,0.998511,0.997945,0.998356,0.998387,0.952
-162.9,0.982139,0.116289,3,15,0,167.753,1.00084,0.999161,0.998684,0.999536,0.999022,1.01578
-164.279,0.979545,0.116289,4,15,0,165.726,1.00047,0.998773,0.998672,0.999786,0.999259,0.917131
-162.972,0.922305,0.116289,3,15,0,167.695,0.999456,0.998592,0.998865,0.998467,0.998468,1.00552
-162.99,0.985826,0.116289,3,15,0,163.939,0.999837,0.998571,0.997367,0.998979,0.99863,1.02827
-164.22,0.983883,0.116289,3,15,0,165.299,0.998258,0.997402,0.997422,0.997089,0.997798,1.01061
-165.931,0.864459,0.116289,5,31,0,168.319,0.999972,0.998571,0.99833,0.997634,0.998567,0.959048
-164.761,1,0.116289,3,7,0,166.128,0.999863,0.998688,0.998323,0.997801,0.998556,0.963435
-164.645,0.995865,0.116289,3,15,0,166.261,0.999658,0.998705,0.998389,0.999937,0.998883,0.948502
-163.926,0.936582,0.116289,3,11,0,167.544,0.998969,0.998019,0.998028,0.997511,0.998231,0.979146
-164.309,0.81498,0.116289,4,23,0,168.591,0.99853,0.99854,0.997503,0.997499,0.997961,1.09208
-163.234,0.994128,0.116289,4,27,0,165.969,0.999198,0.997775,0.997623,0.998866,0.997878,1.04243
-163.319,0.974446,0.116289,3,15,0,165.732,0.999038,0.99867,0.997862,0.9978,0.998265,0.987154
-162.657,0.903819,0.116289,3,11,0,168.61,0.999825,0.998616,0.997955,0.998793,0.998389,0.924435
-164.163,0.97126,0.116289,4,15,0,164.792,0.998779,0.997547,0.997026,0.997839,0.997357,0.900301
-165.535,0.695811,0.116289,2,3,0,167.829,0.99822,0.997699,0.997331,0.998367,0.99741,0.903233
-164.889,0.910105,0.116289,3,7,0,168.531,0.99828,0.99798,0.997775,0.997769,0.997685,0.91125
-165.286,0.981167,0.116289,3,7,0,165.87,0.99902,0.997442,0.996449,0.998136,0.9978,0.924782
-164.457,1,0.116289,2,3,0,165.703,0.998734,0.997434,0.996645,0.997973,0.997887,0.922039
-162.684,1,0.116289,5,31,0,165.471,1.00071,0.999639,0.999093,1.00005,0.999643,0.965483
-165.73,0.763542,0.116289,4,31,0,167.85,1.00072,0.998818,0.999844,1.00045,0.999733,1.06931
-164.938,0.997215,0.116289,5,31,0,167.936,0.999602,0.997805,0.997571,0.997427,0.998096,1.13112
-167.116,0.766514,0.116289,3,15,0,171.688,0.997545,0.997541,0.996807,0.998228,0.997551,1.18589
-166.173,1,0.116289,2,3,0,167.391,0.997788,0.997403,0.996971,0.998117,0.997457,1.18948
-164.675,0.998811,0.116289,4,23,0,168.415,1.00044,0.999687,0.998875,0.998895,0.998978,0.914515
-163.349,0.913952,0.116289,5,31,0,168.039,0.998534,0.997692,0.996475,0.997232,0.997462,1.02395
-165.676,0.840958,0.116289,3,7,0,166.952,0.997983,0.998278,0.997182,0.998074,0.996789,1.01966
-168.06,0.803616,0.116289,3,7,0,171.647,0.998923,0.997091,0.996504,0.998652,0.996774,1.00487
-163.928,0.91565,0.116289,3,7,0,170.943,0.998612,0.996983,0.997269,0.99716,0.997587,1.00538
-165.237,0.968378,0.116289,3,7,0,165.771,0.997799,0.997839,0.996232,0.99728,0.996483,1.02684
-164.223,0.922597,0.116289,3,15,0,168.675,0.999545,0.997581,0.997712,0.997946,0.998747,1.03975
-165.156,0.90437,0.116289,3,7,0,168.35,0.998763,0.998678,0.999098,0.998911,0.998557,1.06239
-164.917,1,0.116289,3,7,0,165.794,1.00052,0.999147,0.997377,0.998968,0.998717,1.07606
-166.777,0.977715,0.116289,4,23,0,168.814,0.997812,0.997389,0.997839,0.997058,0.997916,1.10993
-165.884,0.970471,0.116289,3,7,0,169.293,0.999021,0.998418,0.996456,0.99878,0.998491,1.10263
-164.653,0.9068,0.116289,3,7,0,169.408,0.999197,0.997235,0.997771,0.99751,0.997397,1.08357
-165.005,0.960963,0.116289,4,19,0,167.932,1.00048,0.999841,0.99992,0.999943,1.00036,0.953103
-165.712,0.893121,0.116289,3,7,0,167.703,1.00115,0.999657,0.999903,0.999887,1.00068,0.961961
-166.55,0.814375,0.116289,4,31,0,173.295,0.99996,0.998481,0.999753,0.999529,0.999424,1.17899
-163.173,0.941856,0.116289,5,31,0,170.106,1.00044,0.999902,0.999433,0.999798,1.00006,1.00947
-167.32,0.818984,0.116289,4,31,0,170.883,1.00132,1.00089,1.00134,1.00079,1.00097,1.15019
-165.346,0.917779,0.116289,3,15,0,170.744,1.00095,0.999153,0.99938,1.00046,0.999474,1.15551
-164.488,0.98676,0.116289,2,7,0,166.414,1.00068,0.999242,0.998823,1.00031,0.9995,1.13723
-166.197,0.926012,0.116289,3,7,0,166.719,1.00065,1.00078,0.998948,0.999364,0.999491,1.12899
-165.72,0.953947,0.116289,2,3,0,167.947,1.00058,1.00059,0.999349,0.999241,0.999828,1.11468
-164.336,0.991828,0.116289,2,3,0,166.514,1.00017,1.00017,0.999352,0.999356,0.999466,1.12193
-162.966,0.937735,0.116289,3,7,0,166.226,1.00011,0.998755,0.998964,0.999415,0.999101,1.10548
-164.413,0.924246,0.116289,4,23,0,165.602,0.999748,0.998278,0.999201,0.998475,0.998711,0.979212
-164.129,0.995746,0.116289,4,23,0,166.19,0.999319,0.998594,0.996704,0.998734,0.998118,1.0106
-165.203,0.759213,0.116289,3,15,0,170.25,1.00049,0.999838,0.998297,0.99897,0.99984,1.00118
-163.286,0.982752,0.116289,3,15,0,167.491,0.999334,0.998525,0.99884,0.999105,0.998277,1.04335
-162.841,1,0.116289,3,7,0,164.046,0.999948,0.998919,0.997961,0.998496,0.999016,1.05221
-163.925,0.835101,0.116289,3,15,0,166.947,0.998915,0.998771,0.997633,0.999161,0.997855,1.07409
-163.744,0.950997,0.116289,4,23,0,166.838,0.999122,0.997359,0.998019,0.99826,0.997877,0.982781
-166.069,0.824808,0.116289,4,23,0,169.069,0.998762,0.999008,0.996765,0.998274,0.998175,0.93385
-164.581,0.996623,0.116289,5,31,0,167.75,1.00081,1.00027,0.999493,1.00082,0.999358,1.01859
-164.647,0.794214,0.116289,3,7,0,169.24,1.00067,0.999512,0.999313,0.998644,0.99937,1.03159
-166.429,0.991188,0.116289,4,31,0,167.342,0.998998,0.997547,0.998595,0.998835,0.998392,1.18204
-165.251,0.995321,0.116289,3,7,0,168.236,0.999849,0.999415,0.997391,0.99856,0.998084,1.12843
-163.999,0.99878,0.116289,3,15,0,166.345,1.00001,0.997914,0.99837,0.998527,0.998004,1.05647
-162.772,0.950861,0.116289,3,7,0,165.957,0.999083,0.998971,0.997515,0.998702,0.998063,1.00524
-162.353,0.933645,0.116289,4,23,0,164.809,1.00037,0.999643,0.998816,0.999874,0.999165,1.04447
-164.302,0.857253,0.116289,4,15,0,166.985,1.00121,0.999439,0.998879,0.999654,0.999769,1.123
-166.152,0.871183,0.116289,3,7,0,167.87,1.00106,0.999209,0.998355,0.999448,1.00014,1.12724
-165.538,0.976413,0.116289,3,7,0,169.409,1.00061,0.999607,0.999554,0.998805,0.99957,1.15171
-164.217,0.99228,0.116289,4,23,0,167.517,0.998849,0.997486,0.997814,0.998527,0.997496,0.972669
-163.547,0.998192,0.116289,4,23,0,165.646,0.999435,0.998467,0.99847,0.999547,0.998592,1.08036
-164.42,0.974433,0.116289,3,7,0,165.961,0.999963,0.999081,0.997236,0.998351,0.998492,1.07988
-163.306,0.999349,0.116289,3,15,0,167.291,0.998349,0.997807,0.997239,0.998081,0.997193,1.06771
-162.444,0.997771,0.116289,4,31,0,164.868,0.999293,0.998025,0.997463,0.998555,0.997949,0.961553
-166.927,0.74501,0.116289,3,7,0,167.965,0.998582,0.997478,0.996545,0.996308,0.997354,0.980202
-167.299,0.886427,0.116289,3,7,0,170.593,0.99791,0.997712,0.996682,0.99624,0.997006,0.982493
-164.514,0.995086,0.116289,2,7,0,168.392,0.998039,0.996574,0.996438,0.997025,0.996778,0.963341
-163.256,0.938301,0.116289,5,31,0,166.62,0.999599,0.999255,0.998697,0.999204,0.99933,0.943551
-163.351,0.987029,0.116289,4,31,0,164.48,0.999079,0.997786,0.997542,0.997917,0.997251,1.06376
-164.702,0.893913,0.116289,2,7,0,166.06,0.999924,0.997734,0.997355,0.9978,0.997733,1.05681
-164.242,0.98495,0.116289,4,23,0,166.688,0.998488,0.99882,0.997952,0.998584,0.998435,1.09667
-165.23,0.994922,0.116289,5,31,0,167.269,1.00206,1.00074,1.00017,1.00093,1.00015,1.01309
-165.292,0.999198,0.116289,3,7,0,165.939,1.00109,1.0008,1.0004,1.00092,1.00093,1.02357
-165.625,0.899044,0.116289,4,31,0,169.779,0.999462,0.99925,0.997952,0.999365,0.999418,1.17961
-164.176,0.997297,0.116289,3,7,0,166.227,0.999408,0.998544,0.998796,0.999199,0.998903,1.15198
-165.656,0.938356,0.116289,4,31,0,168.498,1.00084,1.0005,1.00028,1.00111,1.00071,1.0073
-167.182,0.925218,0.116289,5,31,0,169.919,1.00095,1.00011,0.999277,1.00128,1.00067,1.12382
-168.861,0.985441,0.116289,4,19,0,171.416,0.998061,0.996808,0.995375,0.995871,0.99602,0.979331
-166.219,0.999837,0.116289,5,31,0,169.703,0.997108,0.996646,0.995367,0.996509,0.995908,0.994683
-170.186,0.776996,0.116289,4,31,0,170.842,0.997383,0.996968,0.995292,0.996592,0.995204,0.979659
-168.277,0.997319,0.116289,4,31,0,172.291,0.997602,0.996101,0.99527,0.996792,0.997092,0.957185
-169.462,0.961852,0.116289,3,7,0,171.759,0.997506,0.996651,0.996636,0.996206,0.99573,0.947123
-167.876,0.830324,0.116289,3,7,0,174.819,0.997452,0.996474,0.995306,0.99709,0.997345,1.00338
-165.338,0.981365,0.116289,4,31,0,171.031,0.997578,0.99781,0.997134,0.997891,0.99733,1.11788
-164.222,0.979218,0.116289,3,7,0,167.457,0.998608,0.997221,0.996684,0.996827,0.997157,1.082
-163.592,0.849635,0.116289,4,23,0,168.114,1.00072,0.99937,0.998892,0.999691,0.998727,0.968109
-162.993,0.992816,0.116289,4,31,0,165.74,1.00065,0.999544,0.998802,0.999951,0.999081,1.08125
-164.298,0.89682,0.116289,4,23,0,166.845,1.00026,0.999719,0.998017,0.999988,0.99914,0.975324
-164.568,0.995013,0.116289,3,15,0,165.683,0.999254,0.99812,0.998671,0.997799,0.998412,0.983406
-164.597,0.969039,0.116289,3,15,0,168.583,0.999455,0.998484,0.999063,0.998925,0.998132,0.956805
-165.149,0.989918,0.116289,3,7,0,166.791,0.998986,0.998652,0.999097,0.998625,0.99839,0.954679
-165.252,0.944157,0.116289,3,7,0,168.352,0.998564,0.998151,0.99815,0.998974,0.998536,0.949329
-168.022,0.834133,0.116289,3,15,0,173.019,0.999298,0.997123,0.996046,0.997253,0.996591,0.99675
-165.615,1,0.116289,3,7,0,168.059,0.998849,0.996997,0.99613,0.997313,0.996636,0.998077
-164.123,1,0.116289,2,3,0,166.042,0.998655,0.997248,0.996129,0.997483,0.996981,0.999832
-167.969,0.450283,0.116289,3,7,0,175.366,0.998378,0.99718,0.997007,0.998388,0.998722,0.98983
-166.611,0.993316,0.116289,3,15,0,170.572,0.999729,0.998976,0.998123,0.998409,0.997203,1.0638
-170.1,0.960482,0.116289,3,7,0,172.92,0.999032,0.996752,0.997823,0.997882,0.99926,1.07763
-171.857,0.950862,0.116289,4,23,0,177.606,1.00028,1.00034,0.998602,1.0002,0.997612,1.04259
-165.571,1,0.116289,3,15,0,173.795,1.00027,0.997953,0.999002,0.998774,0.999063,1.14696
-164.379,0.998056,0.116289,3,7,0,166.203,0.999982,0.99985,0.997954,0.999423,0.998902,1.12828
-164.367,0.976747,0.116289,4,31,0,167.843,0.998604,0.997367,0.99815,0.997929,0.997593,0.997229
-163.724,0.928881,0.116289,2,7,0,166.759,0.999657,0.997891,0.996959,0.998001,0.998151,0.997969
-163.83,0.935143,0.116289,4,23,0,165.991,0.999629,0.998685,0.997732,0.99872,0.999266,1.09551
-162.39,1,0.116289,3,7,0,163.768,0.999651,0.998782,0.998143,0.998772,0.998812,1.09945
-162.147,0.845823,0.116289,5,31,0,166.969,0.999554,0.998806,0.998082,0.998546,0.99849,0.949366
-162.693,0.942851,0.116289,3,7,0,163.063,0.999276,0.998115,0.997848,0.998961,0.998194,0.96817
-163.07,0.884436,0.116289,3,15,0,166.465,1.00045,0.999386,0.998515,0.998743,0.999134,1.02061
-163.141,0.981408,0.116289,3,7,0,164.438,1.00018,0.998401,0.998478,0.999252,0.999323,1.02152
-163.052,0.973988,0.116289,3,15,0,165.832,0.999298,0.999372,0.998363,0.998989,0.998619,0.961399
-166.295,0.751106,0.116289,2,3,0,167.758,0.999012,0.999721,0.998357,0.998372,0.998416,0.958874
-164.058,0.974491,0.116289,4,23,0,169.389,1.00098,0.999399,0.999547,0.999909,0.998948,1.02581
-163.793,0.994849,0.116289,3,15,0,165.718,0.999177,0.998965,0.997721,0.998405,0.999055,1.03427
-163.681,0.923606,0.116289,3,7,0,167.234,0.99925,0.998476,0.997799,0.998776,0.997434,1.02296
-164.367,0.812166,0.116289,3,15,0,169.86,1.00012,0.998564,0.998052,0.998605,0.999487,0.98146
-166.398,0.874824,0.116289,3,7,0,169.396,0.998762,0.998912,0.998133,0.998886,0.997301,0.976687
-164.925,0.986597,0.116289,3,7,0,170.168,0.999036,0.999162,0.997583,0.998716,0.999057,0.965319
-165.902,0.947774,0.116289,4,31,0,171.792,1.00165,1.00011,1.00018,1.00034,1.00106,1.10862
-165.874,0.875544,0.116289,5,31,0,170.725,0.997799,0.9971,0.995856,0.997818,0.997514,1.03477
-169.046,0.883187,0.116289,3,7,0,172.201,0.997671,0.996511,0.996179,0.995371,0.995993,1.06574
-168.02,0.982489,0.116289,3,7,0,171.002,0.996784,0.996149,0.994821,0.996885,0.996333,1.07829
-165.917,1,0.116289,3,7,0,168.854,0.998311,0.997053,0.996851,0.996452,0.996542,1.09438
-167.234,0.888248,0.116289,2,7,0,169.373,0.998492,0.996805,0.997673,0.997072,0.996488,1.08766
-167.543,0.998455,0.116289,3,7,0,171.375,0.99695,0.997445,0.997094,0.996984,0.996588,1.09193
-164.942,0.999803,0.116289,3,7,0,168.697,0.999113,0.99711,0.996342,0.997813,0.997629,1.10153
-164.45,0.929247,0.116289,4,31,0,168.384,0.999686,0.999632,0.999207,0.999295,0.99885,0.921878
-163.237,0.94086,0.116289,4,31,0,166.914,1.00019,0.99979,0.999091,0.999117,0.998883,1.06092
-163.276,0.968799,0.116289,3,7,0,164.861,1.00041,0.999034,0.999474,0.999256,0.999558,1.07135
-163.276,0.449261,0.116289,2,3,0,174.682,1.00041,0.999034,0.999474,0.999256,0.999558,1.07135
-163.563,0.958902,0.116289,4,23,0,165.595,0.998741,0.997634,0.998119,0.998173,0.997998,0.966184
-161.964,0.99502,0.116289,3,11,0,164.27,0.999223,0.998372,0.997589,0.998328,0.997914,0.983694
-163.611,0.700567,0.116289,3,7,0,167.377,0.998593,0.998469,0.998119,0.998698,0.998432,0.980216
-163.241,1,0.116289,3,7,0,164.644,0.999835,0.998333,0.997482,0.998247,0.997991,0.966463
-166.487,0.810064,0.116289,3,7,0,168.208,0.998086,0.997033,0.997789,0.998164,0.997258,0.963948
-167.78,0.970246,0.116289,4,23,0,171.347,0.999653,0.999602,1.00017,0.998975,0.999249,1.17631
-166.64,1,0.116289,3,7,0,168.413,1.00023,0.998409,0.997012,0.999328,0.998625,1.15349
-167.96,0.94165,0.116289,4,23,0,170.524,1.00171,0.998942,0.9984,1.00017,0.999766,1.03976
-168.998,0.997635,0.116289,3,7,0,171.073,0.999881,1.00081,1.00064,1.00043,0.999798,1.02103
-166.566,0.984849,0.116289,3,7,0,171.926,1.00216,1.00058,0.999632,1.00093,0.999848,1.01222
-164.622,0.997475,0.116289,3,15,0,167.901,1.00017,0.999778,0.999777,0.9999,1.00027,1.04979
-163.232,0.982819,0.116289,4,23,0,166.717,0.998955,0.998499,0.998137,0.997971,0.998297,0.960417
-163.146,0.990702,0.116289,4,23,0,165.634,1.00082,0.999868,0.999688,0.99951,0.999765,1.02646
-165.062,0.869986,0.116289,3,7,0,165.91,1.00106,1.00051,0.999715,0.999614,0.99929,1.03666
-166.719,0.890426,0.116289,3,7,0,169.02,1.00186,1.00017,1.0004,1.00057,0.99945,1.01905
-165.401,0.891444,0.116289,3,11,0,170.877,1.00042,0.99957,0.998815,0.999213,1.00036,1.05311
-164.045,0.998393,0.116289,3,15,0,167.576,0.999384,0.998474,0.998164,0.999045,0.997629,0.981931
-164.591,1,0.116289,4,23,0,165.897,1.00049,0.999656,0.999222,1.00018,0.998692,1.1062
-163.85,0.752313,0.116289,3,15,0,171.816,1.00007,0.998237,0.998599,0.998634,0.999311,1.07055
-164.012,0.996148,0.116289,3,15,0,165.8,0.999286,0.999345,0.997787,0.999124,0.997938,1.0072
-165.367,0.884856,0.116289,3,7,0,167.958,0.999377,0.998447,0.998453,0.997824,0.999105,0.98139
-162.363,1,0.116289,2,3,0,165.653,0.999572,0.998451,0.998601,0.998924,0.998435,0.972393
-162.034,0.99814,0.116289,3,15,0,162.668,0.999623,0.998584,0.997679,0.998735,0.998662,0.992065
-163.165,0.951868,0.116289,4,15,0,164.348,1.00053,1.00027,0.999243,0.999727,0.999803,1.03403
-164.149,0.892335,0.116289,3,7,0,165.931,1.00142,1.00013,0.998933,0.999889,0.999748,1.04871
-162.82,0.995825,0.116289,4,19,0,166.14,0.999596,0.998404,0.997487,0.998169,0.998205,0.94703
-163.662,0.946807,0.116289,3,15,0,164.916,0.999566,0.998756,0.997154,0.99845,0.9983,0.942046
-163.981,0.997328,0.116289,4,31,0,165.262,1.00082,1.00013,0.998385,0.999712,0.999474,1.05023
-162.992,0.990005,0.116289,3,15,0,165.664,1.00075,0.999206,0.998469,0.999217,0.999077,1.06387
-162.644,0.974024,0.116289,4,23,0,165.051,0.998822,0.997811,0.9975,0.998366,0.997982,1.08305
-164.122,0.891464,0.116289,2,3,0,164.486,0.99911,0.99819,0.997201,0.997399,0.998264,1.08313
-166.63,0.992979,0.116289,4,23,0,167.237,1.00155,1.0006,1.00014,1.00162,1.00018,0.970596
-172.279,0.671812,0.116289,3,7,0,174.868,1.00265,1.00081,1.00019,0.99966,1.00121,1.0039
-166.529,0.993292,0.116289,2,7,0,174.192,1.00224,1.00115,1.00034,1.00173,1.00082,0.99332
-163.97,0.80435,0.116289,4,23,0,170.296,0.997978,0.99776,0.996313,0.997284,0.996864,1.02401
-164.568,0.792046,0.116289,4,31,0,168.279,1.00032,0.998291,0.997652,0.999066,0.998676,1.13089
-165.589,0.889109,0.116289,3,7,0,167.846,0.999425,0.999872,0.999269,0.999206,0.998874,1.15053
-165.958,0.946691,0.116289,4,31,0,172.297,1.00141,1.00124,1.00065,1.00101,1.00013,0.991596
-164.045,1,0.116289,4,31,0,167.16,1.0011,1.0002,0.999603,1.00033,0.999497,0.945007
-162.903,0.90147,0.116289,3,11,0,166.723,0.999903,0.998917,0.99861,0.999109,0.999518,0.977541
-162.71,0.753358,0.116289,2,3,0,166.537,0.999964,0.998889,0.999023,0.999423,0.998665,0.976827
-164.409,0.89701,0.116289,3,15,0,167.201,0.998871,0.998883,0.997455,0.998093,0.998605,0.954905
-163.312,0.993012,0.116289,2,7,0,164.97,0.999023,0.998907,0.997369,0.998503,0.998374,0.955256
-166.069,0.866601,0.116289,3,15,0,168.688,0.999701,0.998456,0.999861,0.998906,0.999233,1.07885
-163.86,0.981873,0.116289,3,7,0,167.573,0.999325,0.998948,0.998846,0.999467,0.999304,1.07254
-163.073,0.900868,0.116289,3,7,0,166.362,1.00007,0.998835,0.998461,0.9998,0.998856,1.07516
-163.662,0.89002,0.116289,3,15,0,166.83,0.999559,0.998463,0.998238,0.9994,0.999211,1.07956
-164.836,0.964267,0.116289,3,7,0,166.587,0.999469,0.999041,0.998875,0.998277,0.998023,1.0862
-163.017,0.994358,0.116289,3,7,0,165.877,1.00051,0.99897,0.998387,0.999602,0.99878,1.06697
-166.392,0.902323,0.116289,4,23,0,167.196,0.998659,0.998592,0.997721,0.997478,0.998264,0.910192
-165.898,0.918695,0.116289,3,7,0,169.828,0.998744,0.998723,0.998143,0.997698,0.998417,0.928861
-165.637,0.925452,0.116289,3,15,0,168.781,0.999992,0.998278,0.997675,0.999607,0.998635,0.93288
-165.933,0.978704,0.116289,2,7,0,167.748,1.00015,0.998307,0.997278,0.999322,0.998524,0.93932
-166.894,0.995833,0.116289,5,31,0,169.083,1.00032,1.0005,1.00066,1.00008,1.00043,1.03872
-164.126,0.931805,0.116289,3,15,0,170.468,1.00085,0.999095,0.99808,0.999677,0.998993,1.05631
-163.662,1,0.116289,3,15,0,165.2,1.00055,0.999015,0.998196,0.999851,0.998818,1.04813
-166.589,0.790947,0.116289,3,11,0,169.411,1.00059,0.998867,0.998443,0.9988,0.997711,1.06099
-170.464,0.974504,0.116289,4,19,0,171.917,0.998347,0.996373,0.995819,0.996527,0.995362,1.01689
-166.34,1,0.116289,2,3,0,171.509,0.998007,0.996632,0.995566,0.996878,0.995943,1.01302
-165.456,0.999841,0.116289,4,31,0,167.345,0.997203,0.996998,0.996293,0.996765,0.997185,1.05299
-165.436,0.906925,0.116289,5,31,0,169.282,1.00057,1.0002,0.998944,0.999682,1.00045,0.993582
-163.164,0.946756,0.116289,3,7,0,167.965,1.00062,0.999026,0.999285,0.999995,0.999207,1.01829
-164.492,0.946348,0.116289,3,7,0,165.08,1.00049,0.999752,0.999282,1.00049,0.998951,0.993309
-164.231,0.952887,0.116289,4,23,0,166.437,0.998745,0.998307,0.997249,0.997323,0.998218,1.04215
-164.024,0.997731,0.116289,3,7,0,165.691,0.998311,0.998087,0.996879,0.998333,0.997121,1.03275
-163.759,0.989733,0.116289,4,15,0,166.269,0.99853,0.998133,0.996738,0.997383,0.997579,1.09168
-162.626,1,0.116289,4,15,0,164.105,0.999528,0.998785,0.99827,0.998459,0.998512,1.10343
-163.053,0.949883,0.116289,3,15,0,164.604,0.998585,0.998013,0.997034,0.997723,0.997612,1.10399
-162.091,0.985007,0.116289,4,23,0,163.668,0.999714,0.998667,0.99791,0.999117,0.998735,0.980461
-164.378,0.684372,0.116289,2,3,0,166.447,0.99978,0.999306,0.997555,0.998416,0.998929,0.976388
-163.877,0.951265,0.116289,3,15,0,167.78,1.00002,0.998389,0.998692,0.999,0.999536,0.988256
-162.184,0.98045,0.116289,2,3,0,164.51,1.00012,0.999171,0.998172,0.999307,0.99868,0.988695
-162.803,0.936673,0.116289,3,15,0,163.803,0.999309,0.998604,0.998645,0.998897,0.999034,1.02698
-162.639,0.993114,0.116289,3,15,0,163.984,1.00019,0.998727,0.998035,0.998736,0.998341,1.00273
-164.24,0.94164,0.116289,3,15,0,165.086,0.999669,0.999579,0.999195,0.999617,0.999801,0.996767
-163.045,0.983746,0.116289,4,23,0,165.736,1.00037,0.999593,0.998242,0.999713,0.99881,1.01749
-164.55,0.721628,0.116289,3,7,0,167.755,1.00064,0.999045,0.998921,0.998422,0.999029,1.01621
-163.946,0.957579,0.116289,4,19,0,169.452,0.99842,0.997852,0.996918,0.998594,0.997406,1.03941
-165.054,0.815765,0.116289,4,23,0,169.063,1.00068,1.00023,0.998796,0.999428,1.00006,0.965768
-164.307,0.772134,0.116289,4,23,0,171.002,0.999843,1.00007,0.998841,0.999266,0.999623,1.08462
-165.311,0.887121,0.116289,3,7,0,168.431,1.00129,0.999281,0.999955,1.00058,0.999694,1.1033
-165.468,0.928639,0.116289,3,7,0,168.326,1.00077,1.00049,1.00053,1.00067,0.999719,1.10731
-164.441,0.960899,0.116289,3,7,0,167.447,1.00127,0.999295,0.999119,0.99992,1.00003,1.10502
-162.691,0.988727,0.116289,4,23,0,165.598,0.998543,0.997988,0.997141,0.997874,0.997379,0.977288
-163.721,0.959054,0.116289,5,31,0,164.504,1.00014,0.99964,0.999392,0.999939,0.999214,1.12979
-163.721,0.681281,0.116289,2,3,0,168.519,1.00014,0.99964,0.999392,0.999939,0.999214,1.12979
-165.129,0.930796,0.116289,3,7,0,165.844,1.00103,0.999682,0.999347,0.999898,0.998933,1.15912
-164.394,0.986092,0.116289,3,7,0,166.242,1.00028,0.999891,0.999235,0.999985,1.00014,1.12668
-164.385,0.976574,0.116289,4,31,0,166.276,0.99863,0.998513,0.997266,0.998214,0.997074,1.00558
-166.237,0.913513,0.116289,5,31,0,170.531,0.999821,0.99797,0.997365,0.998864,0.99826,1.22745
-164.751,0.982763,0.116289,3,15,0,168.142,0.998637,0.998681,0.997988,0.997748,0.998173,1.12855
-162.855,0.923563,0.116289,4,23,0,170.202,1.00037,0.999644,0.99931,0.999974,0.999914,1.02914
-164.36,0.881975,0.116289,2,3,0,164.962,1.00008,0.999943,0.999616,1.00017,1.00011,1.02376
-164.013,0.983434,0.116289,4,31,0,166.345,1.00114,0.999432,0.998695,0.999295,0.999273,0.985638
-163.444,0.999434,0.116289,4,23,0,165.166,0.99873,0.998072,0.997055,0.998599,0.998155,1.08831
-163.441,0.933314,0.116289,4,23,0,166.396,1.00055,0.999116,0.998866,0.999558,0.999967,1.03001
-163.002,0.853219,0.116289,3,11,0,167.36,0.999831,0.999337,0.998305,0.999169,0.99826,1.0725
-164.564,0.959679,0.116289,4,15,0,166.051,1.00108,0.999663,1.00027,0.999726,0.999568,1.00865
-163.909,1,0.116289,3,7,0,165.346,1.00075,1.00049,0.999069,1.00014,0.99928,1.03118
-163.903,0.887686,0.116289,3,7,0,166.919,1.00032,0.999324,0.999898,0.999798,0.999906,1.01841
-164.482,1,0.116289,4,23,0,165.388,0.998248,0.997052,0.997303,0.996983,0.996998,1.08438
-162.661,0.93268,0.116289,3,7,0,166.458,0.998899,0.997665,0.997247,0.998114,0.99795,1.08431
-165.889,0.752263,0.116289,4,23,0,169.162,0.9995,0.998337,0.997707,0.999023,0.999578,0.993679
-166.299,0.974091,0.116289,3,15,0,169.075,1.00007,0.998398,0.99759,0.997921,0.997423,0.996459
-164.389,0.908505,0.116289,2,7,0,169.662,1.00004,0.998344,0.997763,0.998531,0.997609,1.0221
-161.872,0.997226,0.116289,3,7,0,164.469,0.999535,0.998592,0.998079,0.998345,0.998375,1.01727
-163.053,0.8758,0.116289,3,7,0,164.538,0.999734,0.998288,0.998489,0.998185,0.998782,1.03398
-162.959,0.927166,0.116289,3,15,0,165.848,0.99946,0.997663,0.997944,0.998233,0.998477,1.01682
-163.499,0.972105,0.116289,3,15,0,164.646,0.998691,0.998294,0.997548,0.998783,0.997687,0.96843
-167.174,0.736262,0.116289,3,7,0,169.349,1.00031,0.99797,0.997591,0.999385,0.999394,1.00335
-163.073,1,0.116289,3,15,0,167.736,0.998814,0.998282,0.998046,0.998803,0.998379,1.08022
-163.383,0.966007,0.116289,3,7,0,164.812,1.00012,0.998704,0.998012,0.998337,0.998508,1.10153
-165.56,0.890415,0.116289,3,7,0,166.418,0.999844,0.998256,0.998298,0.999991,0.998859,1.11022
-163.229,1,0.116289,3,7,0,165.93,0.999777,0.999444,0.998709,0.99878,0.998522,1.08304
-163.63,0.92426,0.116289,3,15,0,165.801,0.999743,0.999087,0.998544,0.999058,0.997996,1.08571
-164.926,0.989366,0.116289,3,15,0,166.628,0.998818,0.997516,0.99707,0.997648,0.998521,1.12076
-165.016,0.941197,0.116289,4,31,0,168.706,0.998517,0.997476,0.996472,0.99738,0.998222,1.00375
-163.851,0.997689,0.116289,3,7,0,166.146,0.998147,0.99767,0.997305,0.997668,0.996944,0.998188
-165.492,0.92172,0.116289,4,31,0,166.919,0.999234,0.997774,0.996139,0.998055,0.997805,0.973678
-164.566,0.957773,0.116289,4,23,0,168.214,1.00029,1.0005,0.999758,0.999975,0.999513,1.10085
-164.455,0.943057,0.116289,3,7,0,166.507,1.00077,0.998896,0.998679,0.999735,0.999973,1.06827
-165.671,0.973937,0.116289,3,15,0,168.126,1.00095,1.00111,1.00056,1.00084,1.00021,1.09861
-163.215,0.855228,0.116289,4,19,0,175.026,1.00034,0.998439,0.99789,0.998963,0.998453,1.00374
-164.506,0.882449,0.116289,3,15,0,168.594,0.997715,0.997854,0.997346,0.997584,0.997476,1.02329
-167.868,0.838476,0.116289,4,31,0,174.614,0.999225,0.996933,0.996196,0.997497,0.996685,1.18715
-168.618,1,0.116289,3,7,0,169.906,0.996936,0.996997,0.99659,0.996655,0.997212,1.22244
-169.037,0.999725,0.116289,4,31,0,169.88,0.999152,0.996928,0.99631,0.997516,0.996714,1.2652
-167.3,0.924398,0.116289,3,7,0,172.43,0.997652,0.996792,0.997263,0.997354,0.996991,1.22278
-166.744,0.907253,0.116289,3,15,0,171.228,0.998414,0.998791,0.996617,0.997471,0.997659,1.17425
-167.503,0.955339,0.116289,4,23,0,171.403,0.998423,0.998686,0.99749,0.999149,0.99757,0.919327
-164.495,1,0.116289,4,31,0,168.43,0.999492,0.999278,0.998772,0.999751,0.998295,0.981349
-166.238,0.999005,0.116289,5,31,0,167.501,1.00111,0.999919,0.998578,0.999553,1.00018,1.17015
-163.54,0.998572,0.116289,4,23,0,167.663,1.00022,0.998711,0.99841,0.99853,0.999387,1.01863
-162.998,0.959733,0.116289,3,15,0,166.32,0.999418,0.998906,0.998232,0.999506,0.998352,1.04864
-162.462,0.947341,0.116289,2,3,0,164.289,0.999612,0.999416,0.998187,0.999125,0.998583,1.04732
-161.986,0.955348,0.116289,3,7,0,163.926,0.999978,0.998999,0.998892,0.999225,0.999096,1.04477
-163.887,0.813482,0.116289,3,15,0,166.081,0.999929,0.998519,0.998974,0.999181,0.998161,1.0143
-163.619,0.935124,0.116289,3,7,0,166.359,0.999955,0.99899,0.997432,0.999359,0.998812,1.01933
-162.439,0.980195,0.116289,3,15,0,166.137,0.999347,0.998592,0.997531,0.99807,0.998033,0.99084
-162.239,0.705795,0.116289,3,7,0,167.743,0.999378,0.998277,0.998359,0.998884,0.998664,1.02215
-162.81,0.755072,0.116289,4,31,0,170.24,0.999448,0.998136,0.997615,0.997995,0.997958,0.946675
-162.696,0.959838,0.116289,4,15,0,164.298,1.00014,0.998936,0.99873,0.999334,0.998737,0.932069
-162.553,0.911008,0.116289,5,31,0,164.526,0.999271,0.997966,0.997642,0.998302,0.998421,1.08305
-163.03,0.975174,0.116289,3,7,0,163.313,0.999007,0.998466,0.997926,0.998691,0.997698,1.07583
-163.02,0.971952,0.116289,3,7,0,164.441,0.999008,0.997709,0.997026,0.99793,0.998196,1.07194
-164.426,0.967602,0.116289,4,31,0,166.096,0.999766,0.998939,0.998414,0.999817,0.998856,1.16184
-172.379,0.565017,0.116289,2,3,0,173.653,1.00033,0.998142,0.998383,1.00095,0.999784,1.16907
-169.364,1,0.116289,2,3,0,173.371,1.00003,0.998641,0.998653,1.00082,0.999765,1.16516
-169.133,0.986054,0.116289,4,23,0,173.303,1.00088,1.00098,1.0011,1.00183,1.00113,1.0987
-167.86,1,0.116289,3,7,0,169.564,1.00122,1.00114,1.00125,1.00176,1.0011,1.09492
-166.114,0.993048,0.116289,5,31,0,170.359,0.999401,0.9973,0.997852,0.997169,0.997726,1.1367
-166.46,0.978135,0.116289,4,31,0,172.556,0.999993,0.998361,0.998743,0.998634,0.999424,0.884024
-164.506,0.974183,0.116289,3,15,0,169.954,1.00014,0.999722,0.998726,0.999748,0.998439,0.948693
-165.763,0.983963,0.116289,4,23,0,167.599,0.997748,0.998232,0.996995,0.997528,0.997912,1.11418
-164.87,0.990747,0.116289,3,15,0,168.341,0.999748,0.997505,0.998038,0.998315,0.997569,1.05635
-163.692,0.785432,0.116289,3,7,0,172.828,1.00031,0.998623,0.997627,0.998984,0.998664,1.09508
-162.575,0.970643,0.116289,4,23,0,165.161,0.999315,0.998036,0.997364,0.997988,0.998383,1.04101
-163.439,0.943226,0.116289,4,23,0,165.217,1.00026,0.998874,0.998387,0.998631,0.99911,0.936257
-163.724,0.933707,0.116289,3,15,0,165.875,0.999685,0.997953,0.998403,0.99796,0.998441,0.988901
-163.033,0.947142,0.116289,3,15,0,166.561,0.998855,0.998177,0.996881,0.998571,0.997881,1.03192
-164.493,0.844026,0.116289,3,15,0,166.591,0.999079,0.999199,0.997714,0.997916,0.99852,1.03001
-164.154,0.912112,0.116289,3,7,0,168.074,0.999246,0.997382,0.997452,0.998043,0.997181,1.04207
-163.734,0.979203,0.116289,4,19,0,167.742,0.999906,0.998021,0.997991,0.997857,0.998403,1.03045
-164.117,0.968946,0.116289,3,7,0,165.596,0.999049,0.998992,0.997881,0.999189,0.997754,1.03185
-163.458,0.99435,0.116289,3,15,0,166.833,1.00099,0.999387,0.999197,1,1.00001,0.983593
-166.383,0.821977,0.116289,4,31,0,168.242,1.00066,1.00035,0.998647,0.999203,0.999751,0.930216
-163.076,0.980169,0.116289,2,3,0,167.331,0.999845,0.998924,0.99875,0.999565,0.998829,0.92846
-165.239,0.742824,0.116289,4,15,0,169.276,1.00172,0.9999,0.999966,0.999903,1.00016,0.961179
-170.563,0.641343,0.116289,3,7,0,173.852,1.00136,1.00064,0.998735,1.00159,0.999819,0.955525
-165.799,1,0.116289,3,7,0,171.209,1.00142,1.00065,1.00041,0.999986,1.00031,0.95043
-167.752,0.778443,0.116289,3,7,0,171.179,1.00111,1.00038,0.999421,1.00137,1.00051,0.930483
-170.646,0.750545,0.116289,3,7,0,175.393,1.00089,0.999404,0.999849,0.998248,0.999283,0.937762
-167.272,0.972672,0.116289,2,7,0,173.605,1.00081,0.998328,0.999057,0.99951,0.999998,0.949646
-164.801,1,0.116289,4,23,0,169.235,0.999236,0.999933,0.998249,0.998835,0.998765,1.0443
-165.654,0.988309,0.116289,3,15,0,168.006,1.00123,0.99865,0.999354,0.999995,0.9996,0.997441
-163.736,0.98389,0.116289,3,7,0,167.835,1.00039,0.998493,0.99829,0.999377,0.998374,0.994799
-165.064,0.921038,0.116289,3,15,0,167.796,0.998682,0.998945,0.998091,0.998251,0.99875,0.952245
-163.054,0.979398,0.116289,3,7,0,166.462,0.999278,0.997712,0.997499,0.998645,0.998187,0.968466
-164.674,0.903243,0.116289,4,31,0,166.899,0.999883,0.999854,0.999709,1.00031,0.999596,1.00795
-165.585,0.874031,0.116289,3,15,0,169.298,0.99971,0.998915,0.998866,1.00041,0.999048,1.0162
-164.406,0.989476,0.116289,3,15,0,167.841,1.00009,0.998842,0.999146,0.998292,0.999143,1.04899
-165.278,0.943922,0.116289,2,7,0,166.845,1.00048,0.998099,0.999078,0.99854,0.999163,1.04287
-166.192,0.940863,0.116289,2,7,0,168.475,0.999799,0.999673,0.997374,0.999847,0.998413,1.03962
-164.985,0.999367,0.116289,4,23,0,168.467,0.999345,0.997472,0.998208,0.997558,0.998441,1.01333
-166.696,0.80113,0.116289,3,7,0,170.658,0.997854,0.998754,0.997891,0.99797,0.998009,1.00496
-162.221,1,0.116289,2,3,0,167.222,0.998914,0.998113,0.997217,0.998243,0.997631,1.02578
-163.043,0.932121,0.116289,4,23,0,163.935,1.00019,0.99985,0.998908,1.00012,0.999324,1.06694
-164.136,0.911018,0.116289,4,23,0,166.605,0.998363,0.998673,0.998021,0.998553,0.998015,0.999127
-162.822,0.999341,0.116289,3,15,0,166.076,1.00035,0.998928,0.998347,0.998622,0.998936,0.988896
-163.866,0.894498,0.116289,3,7,0,165.019,0.999189,0.999178,0.998532,0.998916,0.999311,1.00791
-163.208,0.942389,0.116289,3,15,0,167.272,0.999747,0.997927,0.997594,0.998813,0.998258,1.07694
-165.661,0.849022,0.116289,3,7,0,167.594,0.999933,0.997208,0.997864,0.998676,0.998145,1.07646
-163.913,0.995506,0.116289,2,7,0,166.313,0.99989,0.997695,0.997721,0.998069,0.998389,1.07808
-166.836,0.706004,0.116289,2,7,0,170.234,0.999014,0.999441,0.998044,0.997792,0.997661,1.05823
-163.574,1,0.116289,3,15,0,168.021,0.99893,0.998695,0.997255,0.998201,0.997453,1.06927
-164.926,0.926543,0.116289,3,15,0,166.72,0.998884,0.998795,0.998474,0.997916,0.998074,1.12227
-163.058,0.90758,0.116289,2,3,0,167.476,0.999058,0.998748,0.998002,0.998624,0.998062,1.11494
-162.227,0.986925,0.116289,4,31,0,164.804,0.998844,0.997719,0.997412,0.99807,0.998057,1.01878
-163.987,0.909658,0.116289,4,23,0,165.477,1.00056,0.999228,0.999422,0.999901,0.999966,1.1206
-166.267,0.883638,0.116289,3,7,0,167.917,1.0012,1.001,0.999759,1.00027,1.00084,1.13752
-169.672,0.864119,0.116289,3,15,0,172.389,1.00191,1.00199,1.00017,1.00086,0.999879,1.16422
-166.219,0.989748,0.116289,5,31,0,172.729,0.997124,0.996697,0.996109,0.996923,0.997293,1.08301
-169.919,0.729672,0.116289,5,31,0,176.344,0.999555,0.997691,0.998782,0.998692,0.999257,1.31419
-169.167,0.967448,0.116289,3,7,0,174.001,0.999537,0.99817,0.998328,0.999297,0.99946,1.30395
-166.298,0.985853,0.116289,3,11,0,170.671,0.999394,0.998327,0.998696,0.998899,0.998658,1.25229
-166.319,0.877134,0.116289,3,15,0,170.03,1.00035,0.998484,0.997971,0.998017,0.998349,1.19257
-165.222,0.995718,0.116289,3,15,0,168.02,0.998535,0.998249,0.998489,0.998481,0.99813,1.15802
-164.256,0.996853,0.116289,3,15,0,165.879,0.999268,0.997967,0.996882,0.998077,0.997727,1.15872
-163.603,0.935704,0.116289,5,31,0,168.943,1.00006,0.99836,0.998157,0.998368,0.997965,0.993288
-162.7,0.989761,0.116289,2,7,0,164.671,0.999877,0.99795,0.997999,0.998579,0.998383,1.00963
-162.727,0.960946,0.116289,3,7,0,163.838,0.998938,0.998744,0.997721,0.998681,0.997824,1.02122
-162.783,0.951678,0.116289,3,15,0,164.869,0.999844,0.999296,0.998046,0.999577,0.99871,1.05632
-163.045,0.988712,0.116289,3,15,0,166.582,0.9991,0.998652,0.997379,0.998948,0.99804,1.07212
-163.038,1,0.116289,3,7,0,163.836,0.999328,0.998277,0.998116,0.998037,0.998367,1.10725
-167.578,0.783033,0.116289,3,7,0,168.981,1.00014,0.999206,0.997057,0.999557,0.997935,1.14299
-163.956,0.969662,0.116289,2,7,0,168.986,1.00005,0.998703,0.998521,0.998592,0.998517,1.16088
-168.846,0.736306,0.116289,2,7,0,170.638,0.999348,0.999022,0.997607,0.998159,0.999855,1.13985
-166.581,1,0.116289,3,7,0,170.359,0.999002,0.997692,0.998027,0.999243,0.997682,1.16707
-166.854,0.924976,0.116289,3,7,0,170.027,0.99948,0.999111,0.997053,0.997601,0.99829,1.15415
-163.12,0.998116,0.116289,3,7,0,167.228,0.999978,0.998929,0.998809,0.999183,0.999066,1.13803
-163.133,0.980719,0.116289,5,31,0,165.277,1.00068,0.999893,0.999051,1.00037,0.999608,0.98108
-163.557,0.935919,0.116289,4,15,0,165.273,1.00028,0.99896,0.997813,0.999164,0.999087,0.947974
-162.605,0.995859,0.116289,3,15,0,164.962,0.999636,0.999162,0.999004,0.999161,0.998635,1.00447
-164.137,0.889889,0.116289,4,23,0,166.307,0.998633,0.99858,0.998101,0.998469,0.998063,1.14212
-163.908,0.925779,0.116289,3,7,0,166.13,0.999444,0.998643,0.997323,0.998234,0.998331,1.1514
-164.995,0.932783,0.116289,4,31,0,166.584,0.999591,0.997612,0.996981,0.997483,0.998332,1.05687
-162.424,0.8388,0.116289,3,15,0,170.859,0.999707,0.998735,0.998636,0.999403,0.998513,1.02201
-162.61,0.981715,0.116289,3,15,0,163.994,1.00026,0.999651,0.999069,0.999873,0.999615,1.06741
-163.538,0.982673,0.116289,5,31,0,164.427,1.00016,0.999507,0.998701,0.999711,0.999113,1.15035
-163.419,0.984041,0.116289,3,7,0,164.029,1.00043,0.999287,0.998424,0.999083,0.999134,1.13432
-162.318,0.914139,0.116289,4,23,0,165.398,0.999585,0.998551,0.998305,0.998393,0.998142,1.04263
-162.971,0.996354,0.116289,4,15,0,163.473,1.00075,0.999625,0.998979,1.00011,0.999225,0.974851
-162.529,0.909362,0.116289,5,31,0,165.141,0.999879,0.998709,0.998735,0.999358,0.998969,0.951567
-162.529,0.743346,0.116289,2,3,0,166.134,0.999879,0.998709,0.998735,0.999358,0.998969,0.951567
-163.487,0.925891,0.116289,4,15,0,164.697,1.00012,0.998644,0.998095,0.998519,0.998777,0.921435
-163.667,0.950677,0.116289,2,3,0,164.779,1.00003,0.99859,0.997831,0.998508,0.998602,0.912685
-164.086,0.971878,0.116289,3,7,0,165.118,1.00007,0.998299,0.99809,0.998333,0.99872,0.918199
-163.617,0.998263,0.116289,4,31,0,165.366,1.00007,0.999214,0.999628,0.999703,0.999281,0.959683
-164.445,0.761402,0.116289,2,7,0,169.109,1.00015,0.998629,0.998962,1.00003,0.999345,0.972553
-164.947,0.827503,0.116289,4,15,0,169.523,0.999568,1.00002,0.998421,0.999217,0.999085,0.939722
-163.354,0.98617,0.116289,3,11,0,166.757,1.00001,0.99792,0.998207,0.998516,0.998754,1.00043
-163.004,0.772375,0.116289,3,7,0,168.456,1.00017,0.999001,0.998128,0.998934,0.998573,0.927645
-162.939,0.913,0.116289,4,23,0,168.821,0.999998,0.999171,0.999372,0.999592,0.999557,1.02589
-163.019,0.992912,0.116289,4,23,0,163.951,1.00023,0.999224,0.997833,0.999101,0.998495,1.03587
-163.733,0.959368,0.116289,3,15,0,165.211,0.998772,0.997876,0.998167,0.998313,0.998628,1.06265
-162.389,1,0.116289,2,3,0,163.912,0.999335,0.997975,0.99794,0.998343,0.997992,1.07013
-162.963,0.803269,0.116289,2,7,0,168.193,0.999607,0.998692,0.997199,0.998585,0.998218,1.06534
-162.282,0.995634,0.116289,3,7,0,163.636,0.999182,0.998316,0.997864,0.998534,0.998674,1.05003
-163.713,0.870959,0.116289,4,15,0,166.387,0.999985,0.998905,0.998928,0.999815,0.999455,0.946841
-164.612,0.880701,0.116289,3,7,0,166.498,1.00049,1.00003,0.998741,0.999178,0.998806,0.9513
-168.443,0.909588,0.116289,3,15,0,169.355,1.00063,0.998389,0.99889,0.998323,0.998445,0.895803
-166.698,1,0.116289,4,15,0,170.492,0.998724,0.999062,0.99764,0.999171,0.998776,0.911312
-163.286,0.99225,0.116289,3,15,0,168.762,0.999272,0.997692,0.997816,0.998815,0.997996,0.991071
-162.375,0.992303,0.116289,4,15,0,164.369,0.999312,0.998753,0.997955,0.998219,0.998455,1.05566
-163.953,0.89792,0.116289,4,15,0,165.636,1.00046,0.998911,0.999029,1.00007,0.999607,0.964903
-164.431,0.974621,0.116289,3,7,0,165.751,0.999668,0.999825,0.999133,0.998955,0.998789,0.975301
-164.623,0.992699,0.116289,3,7,0,167.38,1.00055,0.999167,0.998017,1.00005,0.999365,0.993697
-164.893,0.980233,0.116289,3,15,0,166.624,0.999292,0.998972,0.999063,0.998137,0.998506,1.02458
-162.667,0.988671,0.116289,2,7,0,165.54,0.999634,0.998835,0.998376,0.998521,0.998051,1.02611
-162.891,0.920907,0.116289,3,15,0,165.368,0.999426,0.998741,0.997605,0.999072,0.99884,0.981866
-162.876,0.962047,0.116289,3,7,0,164.593,0.999214,0.998345,0.998551,0.998574,0.998114,0.976546
-163.121,0.962308,0.116289,3,15,0,164.276,0.998971,0.998855,0.998359,0.998746,0.997997,1.02691
-165.861,0.927718,0.116289,4,23,0,167.196,0.999115,0.996542,0.996675,0.997711,0.99726,1.08593
-165.518,0.986193,0.116289,4,31,0,167.383,0.997696,0.998309,0.997051,0.997465,0.997674,1.02213
-165.31,0.997388,0.116289,4,31,0,167.155,0.999261,0.996853,0.997203,0.997892,0.997283,0.993971
-164.203,0.925281,0.116289,4,23,0,169.722,0.999473,0.998945,0.998536,0.999677,0.999211,0.938813
-163.458,0.999595,0.116289,5,31,0,164.899,1.00078,0.999786,0.998962,0.999432,0.999608,1.11436
-164.183,0.881092,0.116289,3,15,0,166.405,1.00026,0.998868,0.998669,0.998971,0.998006,1.05888
-164.501,0.978213,0.116289,3,15,0,165.579,0.999613,0.999183,0.998388,0.998871,0.999757,1.03619
-164.059,0.997262,0.116289,3,7,0,165.208,0.998881,0.998256,0.997236,0.998073,0.998801,1.02498
-166.208,0.889662,0.116289,4,23,0,171.827,0.999841,0.999337,0.997656,0.999482,0.997691,1.10798
-166.174,0.971649,0.116289,3,15,0,170.454,1.00027,0.997376,0.998164,0.998716,0.99857,0.998762
-165.997,0.997914,0.116289,3,7,0,168.03,0.997848,0.998639,0.996836,0.997956,0.997175,1.0096
-170.382,0.897005,0.116289,3,15,0,171.526,0.998268,0.995788,0.996191,0.996644,0.997695,0.956034
-168.813,1,0.116289,3,7,0,172.817,0.998021,0.997491,0.995581,0.997194,0.995841,0.965634
-165.97,1,0.116289,2,3,0,169.242,0.997386,0.997181,0.995655,0.997201,0.996493,0.962417
-163.067,0.976691,0.116289,4,15,0,167.545,1.00019,0.998796,0.997713,0.998782,0.998852,1.07063
-162.827,0.990377,0.116289,3,15,0,165.234,0.998963,0.998556,0.998538,0.99862,0.998449,1.02328
-163.543,0.887997,0.116289,3,15,0,167.518,1.00054,0.998422,0.998416,0.998895,0.998903,0.973699
-163.077,0.998988,0.116289,4,23,0,164.506,1.00005,0.998505,0.998139,0.998615,0.999125,1.07899
-166.636,0.834537,0.116289,3,15,0,169.445,0.997964,0.998124,0.996516,0.996545,0.996946,1.05324
-164.701,0.913192,0.116289,4,31,0,170.686,0.998895,0.999011,0.997921,0.998374,0.997596,1.12508
-166.388,0.952536,0.116289,3,15,0,168.547,0.998663,0.998927,0.998168,0.998654,0.997303,1.142
-163.709,1,0.116289,2,3,0,166.655,0.998543,0.998258,0.997704,0.998307,0.997985,1.13832
-164.989,0.854723,0.116289,2,3,0,166.2,0.99836,0.998517,0.998075,0.997949,0.997688,1.13024
-166.294,0.887149,0.116289,3,7,0,168.71,0.999161,0.998683,0.996829,0.998706,0.999017,1.13664
-165.822,0.988396,0.116289,3,7,0,168.165,1.00016,0.998733,0.999343,0.998991,0.998074,1.1215
-164.576,0.976442,0.116289,4,23,0,168.038,1.00068,0.99976,0.999176,1.00039,0.998817,1.07575
-161.952,0.9931,0.116289,4,31,0,166.882,1.00003,0.998862,0.998483,0.999317,0.998791,0.972341
-162.762,0.930918,0.116289,3,15,0,164.354,0.999653,0.99822,0.997825,0.998031,0.998496,0.979971
-164.224,0.857824,0.116289,4,31,0,165.994,0.99969,0.997622,0.997241,0.99764,0.99814,1.0123
-164.622,0.743999,0.116289,3,15,0,171.841,0.997451,0.997352,0.996737,0.997454,0.996845,1.06196
-169.566,0.687139,0.116289,5,31,0,175.287,1.00073,0.999782,0.997993,1.00051,1.00017,1.24839
-170.394,0.987119,0.116289,3,7,0,171.429,1.00049,0.999743,0.997696,1.00027,1.00025,1.24372
-169.907,0.997185,0.116289,3,15,0,173.643,0.999914,0.999582,0.999423,0.998961,0.998033,1.29173
-170.856,0.8273,0.116289,3,7,0,178.715,1.00019,0.997616,0.998564,0.999278,0.999853,1.27422
-167.118,1,0.116289,3,7,0,171.402,0.999994,0.998367,0.9984,0.998773,0.998175,1.27878
-164.221,0.951682,0.116289,3,15,0,169.935,0.999673,0.999205,0.998263,0.999193,0.999383,1.15629
-164.42,0.971975,0.116289,3,15,0,166.436,1.00032,0.998458,0.999281,0.999129,0.998613,1.10318
-163.321,0.997846,0.116289,2,3,0,164.874,1.00008,0.998804,0.999218,0.999215,0.998783,1.10428
-163.306,0.883518,0.116289,3,7,0,166.004,1.00021,0.999441,0.99878,0.999033,0.999353,1.12485
-164.333,0.951452,0.116289,5,31,0,165.75,1.00036,0.999939,0.999505,1.0005,0.999826,0.945549
-165.477,0.968992,0.116289,4,15,0,167.216,1.00006,0.999439,0.999068,0.999997,0.998664,0.899777
-165.737,0.838085,0.116289,3,7,0,170.341,1.00041,0.999151,0.998634,0.998938,0.999664,0.882353
-163.677,0.999471,0.116289,4,31,0,166.812,0.998808,0.997693,0.997236,0.998421,0.997167,1.01894
-166.208,0.80201,0.116289,2,7,0,168.932,0.999686,0.99752,0.997346,0.998511,0.997122,1.01609
-165.94,0.997309,0.116289,3,7,0,167.609,1.00023,0.998285,0.998153,0.99907,0.99775,0.952437
-165.2,1,0.116289,3,7,0,167.593,0.998732,0.998263,0.997792,0.998553,0.998981,0.945692
-165.957,0.893076,0.116289,3,7,0,169.003,1.00024,0.999112,0.99801,0.998848,0.997652,0.988239
-163.753,0.988439,0.116289,3,15,0,167.896,0.999653,0.999132,0.999126,0.999054,0.999596,1.0009
-163.371,0.995278,0.116289,3,15,0,165.555,1.00071,0.999369,0.998275,0.999453,0.998767,1.05177
-167.957,0.725505,0.116289,2,3,0,168.746,1.00067,0.999947,0.997285,0.999133,0.999461,1.05397
-165.216,0.969262,0.116289,3,15,0,170.814,1.0001,0.999896,0.997686,0.999556,0.999449,1.0689
-165.529,0.798077,0.116289,4,23,0,172.515,0.998654,0.998113,0.998324,0.999218,0.998674,1.10685
-164.633,0.999814,0.116289,3,7,0,166.088,1.00053,0.999258,0.998017,0.998579,0.998642,1.1164
-166.781,0.904236,0.116289,3,7,0,169.174,0.999451,0.998674,0.999658,0.998358,0.999234,1.11543
-166.928,0.955562,0.116289,3,11,0,172.733,0.998415,0.997329,0.99562,0.997586,0.996229,1.03447
-164.202,0.799282,0.116289,3,7,0,173.483,0.998265,0.997729,0.996912,0.997335,0.998111,1.00745
-163.063,0.997262,0.116289,3,11,0,165.001,0.999198,0.99793,0.997948,0.998177,0.997503,1.01359
-163.038,0.992028,0.116289,3,7,0,164.18,0.998548,0.998318,0.996951,0.997857,0.997419,1.02246
-163.078,0.994146,0.116289,4,31,0,165.44,0.999976,0.998512,0.998852,0.9989,0.998679,1.10588
-165.473,0.806577,0.116289,2,3,0,166.592,1.00063,0.998005,0.998009,0.999069,0.998969,1.11074
-167.603,0.862495,0.116289,3,15,0,175.842,1.00055,0.999268,0.998238,0.998121,0.999509,1.1789
-164.207,0.952416,0.116289,3,15,0,170.788,0.999111,0.998474,0.997891,0.998954,0.997609,1.12455
-166.612,0.928516,0.116289,4,31,0,170.225,1.00075,1.00097,0.999661,1.00013,0.999959,0.911687
-167.156,0.815535,0.116289,2,7,0,171.217,1.00142,0.998998,0.999107,1.00022,1.00004,0.927369
-162.476,0.999612,0.116289,3,15,0,169.127,0.999805,0.99927,0.999048,0.999349,0.998738,1.03481
-163.293,0.903628,0.116289,3,15,0,165.651,0.999563,0.998817,0.997119,0.998778,0.998516,1.03681
-161.872,0.982702,0.116289,3,15,0,165.059,0.999531,0.998592,0.997692,0.9988,0.998526,1.02514
-162.424,0.975042,0.116289,4,23,0,162.851,0.999222,0.998452,0.997468,0.998525,0.998478,0.958157
-163.958,0.913946,0.116289,5,31,0,165.878,1.00069,1.00001,1.00006,0.999888,0.999549,1.10072
-164.698,0.920771,0.116289,3,7,0,166.568,1.00115,1.00026,0.998989,1.00042,1.00037,1.09551
-164.59,0.957443,0.116289,4,31,0,168.27,1.00127,1.00044,0.998878,1.00039,0.999525,1.04546
-163.268,0.906496,0.116289,3,11,0,168.539,0.999249,0.99833,0.998746,0.998785,0.998912,1.04831
-162.729,0.988768,0.116289,3,7,0,164.753,1.00058,0.999463,0.998457,0.999468,0.999223,1.07725
-163.688,0.967533,0.116289,3,15,0,164.657,1.00008,0.999201,0.999484,0.99952,0.999156,1.12831
-165.601,0.983406,0.116289,5,31,0,169.095,1.00091,0.999892,0.999911,0.999804,1.00012,0.889747
-166.481,0.939825,0.116289,3,7,0,168.379,1.0013,1.00022,1.00008,1.00052,1.00011,0.86782
-167.728,0.811124,0.116289,2,3,0,168.629,1.0014,1.0005,1.00018,1.00011,1.0003,0.861699
-170.546,0.701021,0.116289,4,15,0,172.262,1.00169,1.00109,0.999741,1.00033,0.999807,0.857073
-167.993,1,0.116289,2,3,0,171.039,1.00156,1.00059,0.999727,1.00074,0.999879,0.86086
-168.294,0.975804,0.116289,3,7,0,170.236,1.00177,1.00062,1.00007,1.00045,1.0003,0.855051
-168.732,0.896053,0.116289,3,7,0,171.338,1.00121,1.00046,0.999737,1.00075,0.999597,0.846191
-165.91,0.601256,0.116289,3,11,0,178.003,1.00017,0.999728,0.999397,1.00054,1.00027,0.964937
-164.904,0.856431,0.116289,3,11,0,170.939,1.0008,0.99986,0.999126,0.999162,0.998699,0.991613
-164.086,0.969897,0.116289,2,7,0,167.425,1.0005,0.999966,0.999087,0.999908,1.00026,0.979018
-164.277,0.98196,0.116289,4,19,0,165.351,0.999305,0.99779,0.997259,0.998117,0.997101,1.08167
-166.691,0.920466,0.116289,4,31,0,168.797,0.998644,0.997251,0.997063,0.998891,0.997878,0.950451
-163.345,0.998147,0.116289,3,7,0,167.397,0.998485,0.998359,0.997574,0.998227,0.997597,0.959366
-163.907,0.921748,0.116289,4,15,0,165.968,0.999216,0.997391,0.99803,0.997821,0.997787,0.985552
-165.554,0.909768,0.116289,2,7,0,166.561,0.99928,0.997264,0.998257,0.998014,0.997523,0.975058
-163.703,1,0.116289,3,7,0,166.182,0.999243,0.999124,0.997427,0.998669,0.998834,0.993594
-164.234,0.982303,0.116289,3,15,0,165.495,0.999412,0.999007,0.99743,0.999031,0.99914,0.995915
-163.246,0.99594,0.116289,3,7,0,165.049,0.999306,0.998589,0.998571,0.998454,0.997948,0.983455
-163.878,0.982094,0.116289,4,23,0,165.094,0.99856,0.997814,0.998248,0.99834,0.998006,1.08014
-162.393,0.832394,0.116289,3,7,0,168.676,0.999552,0.998528,0.998218,0.998441,0.998459,1.09414
-161.848,0.982813,0.116289,4,23,0,163.567,0.999547,0.998574,0.997662,0.998607,0.998301,0.988287
-161.797,0.769224,0.116289,4,23,0,166.24,0.9993,0.998334,0.997697,0.99849,0.998244,1.04706
-163.066,0.931241,0.116289,3,15,0,163.777,0.998866,0.997849,0.997833,0.9978,0.998341,1.05903
-163.796,0.976201,0.116289,3,7,0,164.521,0.999038,0.997549,0.99812,0.997882,0.998426,1.05923
-162.832,0.998684,0.116289,4,23,0,166.014,1.00032,0.9998,0.99884,0.999821,0.999606,0.959403
-163.391,0.754464,0.116289,3,7,0,166.467,1.00082,0.999562,0.999468,0.999837,0.999244,0.942959
-163.54,0.739704,0.116289,2,3,0,167.11,1.00025,0.999192,0.999505,0.999698,0.999216,0.93493
-163.877,0.968257,0.116289,2,3,0,164.642,1.00036,0.999066,0.999488,0.999223,0.99922,0.927704
-164.365,0.932458,0.116289,4,15,0,165.806,1.00075,1.00006,0.998495,0.999664,0.999738,0.951353
-163.464,0.955443,0.116289,4,23,0,169.305,0.999551,0.998084,0.998637,0.998713,0.998021,1.05799
-166.921,0.815919,0.116289,3,7,0,168.661,1.00006,0.999899,0.997577,1.00029,0.999077,1.02936
-164.253,0.957328,0.116289,3,7,0,169.008,0.999859,0.998853,0.997692,0.999795,0.999022,1.04213
-165.052,0.995095,0.116289,3,15,0,168.994,0.998126,0.997336,0.997507,0.996828,0.997356,1.08326
-165.846,0.999836,0.116289,4,15,0,166.09,0.998099,0.997066,0.995485,0.997664,0.996862,1.09271
-163.862,0.963538,0.116289,4,19,0,168.455,1.00124,0.999905,0.998859,1.00031,0.99955,1.05144
-165.531,0.958864,0.116289,3,7,0,167.084,1.00132,0.99948,1.00061,1.00017,1.00032,1.04022
-167.696,0.867313,0.116289,4,31,0,169.809,1.00142,1.00077,0.998584,0.999594,0.999694,0.991535
-168.783,1,0.116289,3,7,0,171.234,1.00139,0.99979,1.00136,1.00024,0.999916,0.993035
-165.474,0.985534,0.116289,3,15,0,170.415,1.00045,0.999914,0.998079,0.999946,0.999914,0.98871
-164.427,0.961265,0.116289,3,15,0,168.661,0.999097,0.997971,0.997109,0.998046,0.99882,1.07433
-163.176,1,0.116289,3,7,0,164.693,0.998674,0.997989,0.997626,0.998435,0.998337,1.09067
-164.615,0.949093,0.116289,3,7,0,165.582,0.999976,0.998908,0.997187,0.998588,0.997977,1.10138
-163.959,1,0.116289,5,31,0,165.59,1.00062,0.999507,1,0.99947,0.999457,0.985705
-163.303,0.837272,0.116289,3,7,0,166.822,1.00067,1.0001,0.998914,1.00034,0.999683,0.994273
-164.034,0.975994,0.116289,4,23,0,165.27,0.999601,0.998789,0.997132,0.998379,0.998367,1.12684
-163.606,0.918707,0.116289,3,15,0,168.025,0.999333,0.998875,0.998875,0.999426,0.999252,1.03883
-166.139,0.881319,0.116289,3,7,0,167.199,1.00056,0.998726,0.997434,0.998708,0.997882,1.03301
-170.813,0.786687,0.116289,3,15,0,175.094,0.998195,0.998161,0.99884,0.997089,0.998652,1.06639
-163.622,0.859539,0.116289,2,3,0,174.686,0.998564,0.997956,0.998216,0.997944,0.997916,1.06508
-164.004,0.916022,0.116289,3,7,0,166.814,0.999906,0.998665,0.997168,0.99895,0.998142,1.08415
-163.925,0.982981,0.116289,3,7,0,165.135,0.999264,0.998684,0.998947,0.998262,0.998721,1.05235
-163.066,0.90217,0.116289,3,15,0,167.129,0.99948,0.997942,0.997123,0.998645,0.997956,1.01861
-163.028,0.978948,0.116289,3,15,0,164.605,0.9986,0.998158,0.998009,0.997982,0.998092,1.0554
-162.353,0.978543,0.116289,4,23,0,164.728,0.999236,0.998426,0.998368,0.998586,0.998408,0.957929
-162.971,0.908007,0.116289,5,31,0,164.236,0.999103,0.998312,0.997363,0.998439,0.998552,1.09278
-163.466,0.945439,0.116289,4,31,0,164.756,0.998767,0.997899,0.996953,0.9983,0.998376,1.00051
-165.418,0.898707,0.116289,4,23,0,167.329,0.998545,0.997385,0.997379,0.998061,0.996632,1.01978
-163.951,0.883225,0.116289,2,7,0,168.634,0.998647,0.997936,0.996219,0.99804,0.99744,1.02301
-166.943,0.904346,0.116289,3,7,0,168.236,0.998501,0.998595,0.99594,0.997441,0.997408,1.00116
-164.687,0.975987,0.116289,3,7,0,169.37,0.99824,0.99653,0.996841,0.997677,0.997078,1.02207
-165.771,0.884704,0.116289,4,31,0,168.966,0.997997,0.997725,0.996262,0.997024,0.997883,0.995467
-164.89,0.940754,0.116289,4,15,0,169.295,0.999316,0.99898,0.997819,0.999223,0.99943,0.979374
-164.072,0.989918,0.116289,3,15,0,166.729,1.00051,0.999104,0.999508,0.999863,0.998854,0.971381
-168.44,0.717606,0.116289,2,3,0,169.736,1.00054,0.998113,0.999647,0.999945,0.999754,0.96807
-167.579,0.991554,0.116289,4,23,0,170.403,1.0008,0.998425,0.999652,0.99841,0.999145,1.12972
-166.332,0.974861,0.116289,3,7,0,170.996,1.00094,0.998088,0.999023,0.999015,0.999113,1.12627
-165.146,0.996342,0.116289,2,3,0,167.332,1.00041,0.998359,0.998942,0.998474,0.999241,1.12912
-163.843,0.935144,0.116289,4,23,0,168.599,0.998963,0.999242,0.997663,0.99914,0.998498,1.05753
-164.178,0.981611,0.116289,3,15,0,167.134,0.99897,0.997266,0.997886,0.99754,0.997496,1.06642
-162.278,0.967289,0.116289,3,15,0,166.41,0.99914,0.9986,0.997859,0.998876,0.998568,1.05324
-162.73,0.880651,0.116289,3,11,0,165.875,0.998783,0.997672,0.99702,0.997536,0.997307,1.03595
-165.666,0.902002,0.116289,5,31,0,166.665,1.00022,1.00005,0.998387,1.00002,0.999844,0.931256
-164.973,0.951686,0.116289,2,7,0,168.417,1.00101,0.999193,0.999346,0.999998,0.999298,0.910552
-165.812,0.886239,0.116289,4,15,0,169.463,0.999626,0.99817,0.99769,0.999213,0.998242,0.876268
-163.333,0.940815,0.116289,4,31,0,168.921,0.999476,0.998352,0.997227,0.998876,0.998599,0.974965
-164.851,0.910371,0.116289,3,11,0,166.542,0.998674,0.998788,0.998605,0.998158,0.99795,1.01098
-164.86,1,0.116289,3,15,0,165.899,0.999564,0.997936,0.99658,0.998632,0.998213,1.03851
-163.001,0.954273,0.116289,3,15,0,168.405,0.999942,0.999228,0.999327,0.999056,0.998899,1.06149
-165.647,0.832777,0.116289,4,23,0,169.066,1.00085,1.00031,0.999231,0.999216,0.998858,1.02966
-163.763,0.945042,0.116289,2,3,0,167.069,1.00035,1.00005,0.998898,0.999072,0.998969,1.02574
-163.593,0.999771,0.116289,4,31,0,164.362,0.999833,0.998837,0.998302,0.999851,0.999135,1.08078
-163.129,0.988282,0.116289,3,15,0,164.888,0.999568,0.998765,0.998379,0.9981,0.998622,1.06984
-163.227,0.679443,0.116289,2,3,0,169.289,0.999408,0.998173,0.998382,0.998946,0.997973,1.06865
-164.679,0.90392,0.116289,2,3,0,165.128,0.999475,0.998193,0.998455,0.998892,0.99754,1.06579
-162.359,0.987089,0.116289,3,15,0,166.052,0.999621,0.998729,0.998008,0.99827,0.998186,1.04033
-162.971,0.964827,0.116289,3,7,0,163.958,0.999109,0.998573,0.997434,0.999085,0.99841,1.02183
-163.472,0.967172,0.116289,3,15,0,166.027,0.999088,0.998083,0.996917,0.998407,0.998489,1.04681
-162.319,0.987951,0.116289,2,3,0,164.024,0.998694,0.998197,0.997514,0.998194,0.997676,1.03925
-162.137,0.872254,0.116289,3,15,0,166.518,0.999386,0.998346,0.997844,0.998462,0.998687,0.980621
-163.86,0.748756,0.116289,2,3,0,166.089,0.999782,0.998539,0.99737,0.997985,0.998119,0.959659
-166.604,0.948542,0.116289,4,15,0,168.804,0.998264,0.996743,0.995383,0.996246,0.996655,1.04756
-166.995,0.920453,0.116289,2,3,0,168.691,0.998193,0.996635,0.995842,0.99605,0.996111,1.04962
-168.125,0.990293,0.116289,3,7,0,169.322,0.996892,0.996097,0.994909,0.99654,0.996808,1.05179
-165.02,1,0.116289,3,7,0,168.547,0.997635,0.996303,0.995836,0.996819,0.996247,1.05607
-164.535,0.898854,0.116289,4,15,0,168.066,0.998083,0.997412,0.996437,0.997598,0.996613,1.11216
-164.678,0.973598,0.116289,4,31,0,167.534,0.998402,0.997728,0.997045,0.997776,0.998006,1.1754
-164.221,0.986842,0.116289,3,7,0,165.123,0.999245,0.997978,0.997475,0.998083,0.997372,1.14822
-166.819,0.850015,0.116289,3,7,0,168.887,0.997471,0.998282,0.996916,0.997115,0.997408,1.11067
-166.909,0.989232,0.116289,3,15,0,168.55,0.997486,0.99827,0.997423,0.997289,0.997404,1.10797
-166.821,0.986999,0.116289,3,15,0,170.099,0.997142,0.997532,0.996466,0.99791,0.997054,1.10863
-165.711,0.99622,0.116289,3,7,0,167.992,0.997444,0.997819,0.996684,0.997642,0.99675,1.10653
-166.505,0.986425,0.116289,5,31,0,168.456,0.99861,0.996323,0.996027,0.996518,0.99722,1.04645
-164.358,0.976636,0.116289,3,7,0,167.393,0.997632,0.996906,0.996613,0.996851,0.996546,1.05016
-163.028,0.970275,0.116289,4,23,0,165.946,0.999872,0.999168,0.999346,0.999136,0.999229,1.06763
-163.054,0.867419,0.116289,4,23,0,166.725,0.999383,0.999272,0.997986,0.999369,0.998784,0.97949
-163.054,0.644175,0.116289,2,7,0,169.476,0.999383,0.999272,0.997986,0.999369,0.998784,0.97949
-163.246,0.998602,0.116289,3,7,0,163.515,0.999877,0.998117,0.9984,0.998266,0.998384,0.970263
-163.293,0.948184,0.116289,2,7,0,164.986,0.99964,0.998654,0.998202,0.998986,0.997872,0.963859
-163.484,0.983632,0.116289,3,7,0,164.212,0.999749,0.99894,0.998075,0.999076,0.99793,0.961404
-164.802,0.889062,0.116289,4,19,0,167.766,1.00071,0.999487,0.999095,0.998949,1.00006,1.00111
-163.44,0.992981,0.116289,4,31,0,166.765,1.0003,0.999297,0.999628,0.999999,0.999406,1.08611
-163.242,0.880049,0.116289,5,31,0,167.512,0.999822,0.998911,0.998635,0.999858,0.998991,0.96974
-163.87,0.996026,0.116289,4,23,0,165.396,0.999295,0.998341,0.998286,0.999333,0.998435,1.12543
-164.759,0.964016,0.116289,2,3,0,164.843,0.999181,0.998288,0.998321,0.999531,0.998538,1.12763
-166.85,0.911408,0.116289,4,23,0,171.579,0.998418,0.998316,0.997422,0.998784,0.998891,1.17189
-165.131,0.927605,0.116289,3,7,0,172.168,0.999828,0.998762,0.997939,0.998248,0.9976,1.13551
-166.323,0.964401,0.116289,4,23,0,168.879,1.00027,1.00029,0.999626,0.999457,0.998595,1.00482
-165.269,0.999664,0.116289,3,15,0,167.891,0.999647,0.998475,0.998683,0.997945,0.99775,1.01225
-162.542,0.967758,0.116289,3,15,0,168.189,0.999456,0.998018,0.998161,0.998355,0.997946,0.997748
-162.924,0.889285,0.116289,3,15,0,165.496,0.999918,0.999344,0.997847,0.999256,0.999097,0.993933
-163.843,0.776718,0.116289,3,15,0,169.25,1.0004,0.999724,0.999703,0.999776,0.999043,0.959824
-163.312,1,0.116289,3,7,0,164.645,1.00073,0.999733,0.998801,0.999872,0.999933,0.9722
-163.139,0.99876,0.116289,4,23,0,164.373,0.998626,0.998185,0.997235,0.997935,0.997268,1.06989
-164.431,0.976275,0.116289,3,7,0,165.436,0.99811,0.996713,0.996681,0.997213,0.9975,1.09949
-167.215,0.937435,0.116289,4,31,0,168.643,0.997259,0.996964,0.995385,0.997593,0.996619,1.00566
-168.885,0.879103,0.116289,3,7,0,171.547,0.998116,0.996226,0.996004,0.995705,0.997134,1.00216
-166.866,0.980227,0.116289,4,31,0,172.412,1.00149,0.998909,0.999129,1.00039,0.999929,1.1494
-164.518,0.91521,0.116289,3,7,0,171.54,1.00095,0.999741,0.99943,0.999862,0.999729,1.18156
-168.319,0.850862,0.116289,3,7,0,169.459,1.00123,0.998876,0.999683,0.999249,1.00061,1.15393
-165.701,0.944533,0.116289,3,11,0,171.698,1.00137,1.0009,0.999711,1.00103,0.99999,1.15371
-164.975,0.989967,0.116289,3,7,0,167.039,1.00129,1.00045,0.999863,1.00075,0.999785,1.15231
-163.877,0.941066,0.116289,3,15,0,170.258,0.999486,0.998028,0.996831,0.997789,0.997541,1.02174
-163.623,0.960505,0.116289,4,23,0,166.014,1.00013,0.999145,0.99858,0.998475,0.998477,1.0926
-163.177,0.917046,0.116289,3,15,0,167.21,0.999156,0.998468,0.997781,0.998825,0.999003,1.02535
-164.021,0.979076,0.116289,4,23,0,165.305,0.999199,0.99854,0.997851,0.998812,0.999174,1.10282
-164.028,0.986234,0.116289,3,7,0,165.089,0.999874,0.998766,0.998148,0.998534,0.997697,1.06803
-164.07,0.99127,0.116289,4,23,0,166.296,0.99941,0.998689,0.998383,0.998384,0.999376,1.03408
-164.097,0.949379,0.116289,3,15,0,168.203,0.999137,0.998106,0.998856,0.998762,0.998199,1.07841
-163.78,1,0.116289,3,15,0,165.136,1.00008,0.999505,0.997848,0.998902,0.999071,1.10036
-166.205,0.937482,0.116289,4,31,0,168.373,0.998004,0.997615,0.995697,0.996731,0.996699,1.1432
-170.511,0.897041,0.116289,3,7,0,172.46,0.996096,0.996982,0.996217,0.99669,0.995842,1.1674
-166.897,0.944761,0.116289,3,7,0,174.831,0.998204,0.996144,0.996662,0.997011,0.996928,1.19405
-165.175,0.986147,0.116289,4,31,0,169.787,1.0015,0.999945,1.00027,0.99976,1.00033,0.9932
-164.434,0.995834,0.116289,3,7,0,166.633,1.00104,1.00069,0.999943,1.00032,1.00053,0.981942
-167.108,0.84888,0.116289,4,31,0,169.11,1.00018,1.00088,1.00005,1.00026,0.999541,0.964556
-166.519,0.933465,0.116289,3,7,0,170.238,1.00062,1.00088,1.00024,1.00058,0.99973,0.94373
-164.26,0.957455,0.116289,5,31,0,170.15,0.99808,0.99697,0.996839,0.997333,0.997316,0.934901
-164.203,0.989279,0.116289,4,23,0,165.77,1.00131,1.00044,0.999732,1.00081,1.00008,1.11275
-164.681,0.942565,0.116289,4,15,0,166.644,1.00096,0.999781,0.999623,1.00095,0.999775,1.08538
-162.788,0.966722,0.116289,5,31,0,166.623,0.998716,0.998225,0.997758,0.998244,0.998254,0.95268
-162.359,0.604149,0.116289,3,7,0,169.848,0.998946,0.997911,0.997374,0.998102,0.997615,0.965606
-163.1,0.962712,0.116289,5,31,0,163.446,1.00022,0.999426,0.999128,0.999534,0.998797,1.10296
-162.086,0.906435,0.116289,5,31,0,166.279,0.999679,0.998796,0.998315,0.99873,0.998586,0.944446
-165.381,0.864617,0.116289,4,15,0,167.074,1.0016,1.00043,1.00054,1.00079,1.00039,0.930839
-170.386,0.633946,0.116289,2,3,0,171.607,1.00109,1.00067,0.999177,1.00128,1.00095,0.914942
-166.327,0.990978,0.116289,5,31,0,173.702,0.99849,0.997421,0.997096,0.998335,0.998423,0.92211
-163.141,0.982726,0.116289,3,15,0,171.267,0.999019,0.998554,0.998442,0.998379,0.998649,1.07881
-165.311,0.833146,0.116289,4,23,0,168.367,1.00043,1.00024,0.998297,1.00034,0.999652,0.989366
-163.407,0.990026,0.116289,3,15,0,167.065,1.00002,0.998432,0.998933,0.998505,0.998546,0.99845
-163.969,0.905333,0.116289,3,7,0,165.965,0.999214,0.998319,0.998368,0.999413,0.998933,1.00329
-161.954,0.962359,0.116289,3,7,0,165.06,0.999608,0.99866,0.997991,0.998728,0.998111,1.01479
-163.179,0.911375,0.116289,2,3,0,163.378,0.999392,0.998128,0.997553,0.998437,0.998902,1.01092
-163.295,0.896567,0.116289,3,15,0,168.131,0.999635,0.999183,0.998439,0.999122,0.998233,0.938234
-162.617,0.901138,0.116289,3,7,0,164.945,1.00016,0.998839,0.998762,0.99923,0.99872,0.94131
-164.023,0.725378,0.116289,3,7,0,166.544,0.999776,0.999111,0.998051,0.999812,0.999222,0.962463
-165.443,0.987316,0.116289,4,15,0,167.114,1.00042,1.00037,0.99989,1.00093,1.00008,0.984798
-165.29,1,0.116289,3,7,0,166.44,1.00181,1.00078,0.99977,1.00027,1.00027,0.973087
-167.522,0.828415,0.116289,5,31,0,170.02,0.997153,0.997155,0.995838,0.997814,0.997289,1.04747
-165.043,0.998015,0.116289,3,7,0,169.035,0.997912,0.997784,0.99667,0.996889,0.996626,1.03271
-164.42,0.986769,0.116289,2,3,0,165.791,0.997677,0.997508,0.996322,0.996897,0.996674,1.03473
-163.144,0.882407,0.116289,3,15,0,167.584,0.998916,0.997237,0.997556,0.99792,0.997944,1.01429
-162.302,0.868495,0.116289,3,15,0,167.782,0.999577,0.999111,0.998178,0.998711,0.998425,0.963514
-167.112,0.589989,0.116289,2,3,0,167.774,1.00036,0.998884,0.998044,0.999412,0.997696,0.95828
-166.538,1,0.116289,3,7,0,168.654,1.00026,0.99853,0.997944,0.999656,0.997958,0.953729
-163.652,0.995346,0.116289,2,7,0,167.784,0.999947,0.998572,0.99802,0.998962,0.997926,0.953818
-163.199,0.877164,0.116289,3,7,0,167.202,0.99994,0.998763,0.998087,0.998305,0.998938,0.964791
-165.693,0.832719,0.116289,3,7,0,167.163,0.999269,0.998054,0.997403,0.999503,0.998053,0.970233
-163.26,1,0.116289,3,7,0,166.454,0.999412,0.998887,0.998949,0.998803,0.999092,0.979852
-163.944,0.976538,0.116289,4,15,0,165.879,1.00078,0.999591,0.998915,1.00029,0.999004,0.982727
-167.006,0.804794,0.116289,2,3,0,168.072,1.0008,0.99927,0.998968,1.0006,0.99866,0.972441
-165.495,0.984367,0.116289,2,7,0,169.523,1.00061,0.998854,0.999066,0.999003,1.00011,0.98688
-162.282,1,0.116289,3,7,0,165.726,1.00041,0.999221,0.998888,0.999119,0.998897,0.994096
-165.325,0.855986,0.116289,3,15,0,166.12,1.00112,1.0002,0.999422,0.999295,1.0001,0.972001
-163.119,0.959246,0.116289,3,15,0,167.295,0.999668,0.998953,0.997973,0.998665,0.999264,1.00076
-163.15,0.967102,0.116289,4,23,0,165.025,0.999946,0.998512,0.997767,0.998112,0.998361,1.06412
-164.4,0.915531,0.116289,3,15,0,166.141,0.999688,0.998591,0.997714,0.998831,0.999478,1.05545
-165.54,0.970787,0.116289,3,15,0,167.536,1.00035,0.999437,0.99959,0.999475,0.998357,1.10702
-163.892,0.922843,0.116289,3,15,0,171.058,0.99902,0.998006,0.997131,0.998168,0.998743,1.05132
-166.603,0.876643,0.116289,4,23,0,170.421,1.00183,1.00028,0.99991,1.00007,1.00056,1.19675
-169.105,0.757753,0.116289,3,7,0,172.174,1.00134,1.00038,0.999521,1.00113,0.998955,1.20683
-165.631,0.979724,0.116289,5,31,0,171.242,1.00164,1.00026,0.999879,0.999718,1.00058,1.09619
-165.971,0.935322,0.116289,5,31,0,169.373,0.998443,0.996558,0.996843,0.997737,0.996518,1.05315
-165.278,1,0.116289,3,7,0,167.362,0.997406,0.997144,0.995541,0.996609,0.996557,1.03933
-165.962,0.949922,0.116289,5,31,0,167.765,1.00115,1.00099,1.0003,1.00085,1.00099,1.12911
-167.177,0.808521,0.116289,3,7,0,170.789,1.0019,1.00001,1.00124,1.00056,1.00048,1.12484
-169.936,0.957607,0.116289,3,15,0,171.665,1.0016,1.00005,1.00195,1.00092,1.00097,1.15218
-170.134,0.964401,0.116289,3,15,0,174.385,1.001,0.999943,1.00158,1.00042,1.0011,1.1613
-168.488,0.870644,0.116289,3,15,0,176.947,1.00111,1.00052,1.00147,1.00119,1.00035,1.17524
-169.075,0.994711,0.116289,3,7,0,170.123,1.00241,1.00147,0.999537,1.001,1.00102,1.18811
-163.589,1,0.116289,4,31,0,171.074,0.999781,0.998071,0.998517,0.9981,0.998648,1.06165
-163.13,0.891031,0.116289,3,7,0,167.98,0.99924,0.998273,0.998458,0.998947,0.998416,1.10179
-163.109,0.988233,0.116289,3,7,0,164.056,0.999592,0.999236,0.99787,0.998501,0.998509,1.09107
-164.39,0.966785,0.116289,3,15,0,166.671,1.00124,0.999973,1.00001,1.00011,1.0004,1.12451
-163.793,0.960554,0.116289,3,7,0,165.608,1.00081,0.999626,0.998981,1.00017,0.99924,1.12457
-163.365,0.964061,0.116289,4,15,0,165.396,0.999495,0.998854,0.998329,0.999107,0.998246,1.13526
-165.027,0.891305,0.116289,3,7,0,167.209,0.999767,0.997992,0.998462,0.998198,0.998892,1.16316
-163.828,0.999663,0.116289,3,15,0,165.878,1.0001,0.999765,0.998187,0.999748,0.998821,1.10549
-163.371,0.947456,0.116289,3,15,0,168.384,0.999729,0.999793,0.998625,0.999353,0.998698,1.08403
-164.037,0.966749,0.116289,2,7,0,165.411,1.00004,0.999972,0.998893,0.999632,0.998689,1.10714
-163.721,0.98399,0.116289,3,7,0,164.906,1.00041,0.998578,0.99842,0.99906,0.999554,1.06766
-163.687,0.963561,0.116289,3,7,0,165.619,0.999348,0.999492,0.99893,0.999612,0.998924,1.05574
-163.884,0.950971,0.116289,3,7,0,165.852,1.00075,0.99895,0.998418,0.998704,0.999184,1.05453
-163.385,1,0.116289,3,15,0,166.237,0.998647,0.998195,0.997507,0.998812,0.997891,1.07965
-164.079,0.901191,0.116289,3,15,0,165.875,0.999236,0.998734,0.998371,0.999045,0.999424,1.06054
-162.558,0.993673,0.116289,3,15,0,164.925,0.99952,0.999097,0.99863,0.99942,0.998567,1.04598
-165.171,0.812419,0.116289,3,7,0,166.669,1.00081,0.998389,0.998349,0.999482,0.999559,1.02424
-162.205,1,0.116289,3,15,0,166.034,1.00011,0.998778,0.998497,0.999469,0.998869,1.04647
-163.3,0.899414,0.116289,3,15,0,166.509,0.998667,0.998061,0.997215,0.99729,0.997709,1.02999
-164.753,0.87296,0.116289,3,7,0,166.57,0.998349,0.996697,0.996458,0.997904,0.997043,1.04422
# 
#  Elapsed Time: 0.074404 seconds (Warm-up)
#                0.113968 seconds (Sampling)
#                0.188372 seconds (Total)
# 
