# stan_version_major = 2
# stan_version_minor = 21
# stan_version_patch = 0
# model = sblrc_blr_model
# method = sample (Default)
#   sample
#     num_samples = 1000 (Default)
#     num_warmup = 1000 (Default)
#     save_warmup = 0 (Default)
#     thin = 1 (Default)
#     adapt
#       engaged = 1 (Default)
#       gamma = 0.050000000000000003 (Default)
#       delta = 0.80000000000000004 (Default)
#       kappa = 0.75 (Default)
#       t0 = 10 (Default)
#       init_buffer = 75 (Default)
#       term_buffer = 50 (Default)
#       window = 25 (Default)
#       num_cross_chains = 4 (Default)
#       cross_chain_window = 100 (Default)
#       cross_chain_ess = 50 (Default)
#     algorithm = hmc (Default)
#       hmc
#         engine = nuts (Default)
#           nuts
#             max_depth = 10 (Default)
#         metric = diag_e (Default)
#         metric_file =  (Default)
#         stepsize = 1 (Default)
#         stepsize_jitter = 0 (Default)
# id = 0 (Default)
# data
#   file = sblrc-blr.data.R
# init = 2 (Default)
# random
#   seed = -1 (Default)
# output
#   file = output.csv.mpi.0
#   diagnostic_file =  (Default)
#   refresh = 100 (Default)
lp__,accept_stat__,stepsize__,treedepth__,n_leapfrog__,divergent__,energy__,beta.1,beta.2,beta.3,beta.4,beta.5,sigma
# Adaptation terminated
# Step size = 0.120265
# Diagonal elements of inverse mass matrix:
# 7.18126e-06, 7.21551e-06, 7.36289e-06, 7.15039e-06, 7.14326e-06, 0.0054758
-163.464,0.997279,0.120265,4,23,0,165.264,0.999588,0.999208,0.998812,0.998587,0.999177,1.07288
-162.927,0.973805,0.120265,4,19,0,164.888,0.999695,0.998317,0.997926,0.998909,0.998927,0.951138
-164.814,0.534074,0.120265,2,3,0,170.259,0.999949,0.998711,0.998187,0.997915,0.998227,0.946065
-164.24,0.722204,0.120265,2,3,0,170.795,0.998979,0.99856,0.998296,0.99852,0.99764,0.94493
-162.797,0.973394,0.120265,3,15,0,166.439,1.00073,0.999251,0.998958,0.999778,0.999756,0.999008
-165.738,0.82379,0.120265,3,7,0,167.081,1.00001,0.99917,1.00002,0.998919,0.999075,0.990661
-166.337,0.900359,0.120265,2,3,0,169.157,1.00047,0.99913,1.00028,0.999003,0.999479,1.00302
-163.815,0.979838,0.120265,4,19,0,168.64,0.999202,0.998452,0.997621,0.999031,0.998427,1.14904
-162.499,0.968125,0.120265,4,31,0,165.681,0.998994,0.997945,0.997317,0.99773,0.997642,0.976559
-164.174,0.657298,0.120265,3,7,0,170.389,0.998455,0.997112,0.996312,0.997997,0.997164,1.01649
-163.155,0.943082,0.120265,3,15,0,166.746,0.998901,0.998624,0.997354,0.997746,0.997975,1.03597
-163.53,0.7668,0.120265,3,7,0,167.188,0.998855,0.998176,0.997946,0.998484,0.99886,1.04632
-164.238,0.985298,0.120265,4,23,0,165.667,0.998668,0.998313,0.997474,0.997988,0.998646,0.960131
-163.888,1,0.120265,3,7,0,165.725,0.998948,0.998691,0.997299,0.997921,0.997611,0.950304
-165.024,0.930379,0.120265,5,31,0,167.566,0.999716,1.00015,0.999209,0.999965,0.999585,1.1243
-162.531,0.990998,0.120265,5,31,0,166.158,1.00049,0.99919,0.99867,0.999536,0.998783,0.986547
-162.804,0.970163,0.120265,3,7,0,163.308,0.999998,0.998879,0.998591,0.998793,0.998249,0.981303
-165.952,0.90544,0.120265,4,23,0,167.216,0.999532,0.998649,0.999004,0.999082,0.999538,1.19468
-162.307,0.992545,0.120265,4,23,0,166.812,0.999335,0.997908,0.998134,0.998484,0.998206,1.01354
-162.279,0.998847,0.120265,3,15,0,163.225,0.999428,0.997843,0.997827,0.998383,0.998036,1.02021
-162.499,0.933114,0.120265,2,7,0,163.407,0.99909,0.997753,0.997684,0.998343,0.99838,1.02236
-162.598,0.957357,0.120265,4,23,0,164.166,0.999556,0.999045,0.998277,0.998589,0.998786,1.08879
-163.668,0.846612,0.120265,3,7,0,166.724,0.999897,0.999438,0.998489,0.999586,0.998309,1.08753
-162.475,0.985814,0.120265,3,7,0,164.564,0.99979,0.99878,0.998546,0.999175,0.999294,1.05402
-164.19,0.843731,0.120265,4,23,0,167.234,1.00029,0.999536,0.99828,1.00022,0.99885,1.01009
-167.664,0.767299,0.120265,3,11,0,172.749,1.00144,1.00142,0.999024,1.00107,1.00042,1.04621
-169.734,0.952145,0.120265,3,7,0,170.954,1.00155,1.00139,0.998645,1.00128,1.00006,1.03748
-164.784,0.861217,0.120265,2,7,0,173.894,1.002,1.00074,1.00006,1.0008,1.00037,1.00163
-164.834,0.921243,0.120265,4,15,0,166.969,1.00123,1.0003,1.00048,1.00116,1.00041,1.02237
-162.81,0.930535,0.120265,3,7,0,167.099,1.00104,1.00001,0.99916,1.00005,0.999801,1.0332
-164.502,0.884604,0.120265,2,7,0,165.394,1.00086,0.99887,0.999639,0.999822,1.00001,1.03456
-163.179,0.999384,0.120265,3,7,0,165.951,1.0001,0.999872,0.999051,0.999051,0.999235,1.02026
-164.846,0.907152,0.120265,4,23,0,166.784,0.999728,0.999155,0.998205,0.998155,0.9982,1.15165
-163.935,0.96981,0.120265,3,7,0,166.76,0.999789,0.99857,0.998122,0.999631,0.998794,1.12759
-163.536,0.963506,0.120265,4,19,0,165.712,0.999408,0.998005,0.997813,0.99913,0.997898,1.01899
-163.265,0.995321,0.120265,3,15,0,164.763,0.998725,0.998449,0.997751,0.997973,0.99852,1.03935
-170.677,0.598122,0.120265,2,7,0,172.571,0.999658,0.999289,0.998462,0.99706,0.998606,1.02619
-163.939,0.963835,0.120265,2,7,0,174.043,0.999014,0.997315,0.997194,0.998605,0.997826,1.02856
-167.232,0.950032,0.120265,3,15,0,168.948,0.998555,0.99828,0.996806,0.999035,0.997591,0.916197
-165.806,1,0.120265,4,15,0,169.962,0.999254,0.997571,0.997856,0.997053,0.998161,0.993596
-165.473,0.94032,0.120265,2,7,0,168.921,0.999129,0.997528,0.997454,0.997662,0.996803,0.992229
-164.331,0.987912,0.120265,3,7,0,167.081,0.998762,0.998155,0.997148,0.998298,0.998768,1.00014
-162.625,0.886275,0.120265,2,3,0,167.258,0.998564,0.998198,0.997221,0.997953,0.997455,1.01968
-163.828,0.880231,0.120265,4,15,0,165.584,0.99911,0.998503,0.997571,0.997763,0.997504,0.96801
-163.437,0.99453,0.120265,3,7,0,164.813,1.00005,0.998187,0.997567,0.998382,0.998121,0.986471
-163.215,0.858936,0.120265,2,3,0,166.063,0.999592,0.998402,0.997697,0.997889,0.998585,0.988968
-163.057,0.963188,0.120265,3,7,0,164.532,0.99996,0.998353,0.997814,0.998158,0.998405,0.979058
-162.897,0.963855,0.120265,3,7,0,164.537,0.999593,0.998935,0.997444,0.998511,0.998076,0.99026
-163.503,0.986246,0.120265,3,7,0,164.231,0.999173,0.997694,0.998349,0.998461,0.998558,1.00657
-163.451,1,0.120265,3,7,0,163.929,0.999157,0.998704,0.996972,0.998171,0.997658,1.0243
-162.91,0.804591,0.120265,3,15,0,170.608,1.00024,0.998973,0.999431,0.999416,0.999497,1.02196
-165.597,0.840734,0.120265,3,7,0,167.56,1.00105,0.999032,1.00006,1.00039,1.00017,1.02362
-164.051,1,0.120265,3,7,0,166.893,1.00097,0.999992,0.99983,0.999382,0.999642,1.01111
-164.943,0.936322,0.120265,3,7,0,166.63,1.00015,1.00006,0.999423,1.00067,0.999298,1.00156
-164.059,0.999573,0.120265,4,31,0,165.839,0.999593,0.99969,0.998887,0.999997,0.999016,1.08427
-162.873,1,0.120265,3,7,0,164.645,1.00024,0.999441,0.999035,0.998951,0.998989,1.07533
-163.254,0.923293,0.120265,4,31,0,167.607,0.999405,0.998229,0.99817,0.999385,0.998482,1.04419
-163.454,0.996531,0.120265,4,23,0,164.608,0.999641,0.998358,0.998182,0.999111,0.99803,0.94408
-162.897,0.828288,0.120265,3,11,0,166.85,0.999597,0.998913,0.99834,0.999144,0.998985,0.919376
-163.023,0.838365,0.120265,5,31,0,165.603,0.999423,0.998382,0.997854,0.998378,0.998376,1.13842
-165.226,0.912883,0.120265,5,31,0,166.09,0.99892,0.997591,0.99603,0.997241,0.997537,1.10538
-165.159,0.971776,0.120265,4,15,0,167.18,0.998358,0.997847,0.998136,0.998678,0.997771,1.12022
-163.621,0.955446,0.120265,3,7,0,167.11,0.999309,0.998668,0.996813,0.998335,0.998249,1.04175
-162.538,0.996424,0.120265,3,15,0,164.858,0.99934,0.998919,0.998186,0.998937,0.998043,1.03335
-164.451,0.605464,0.120265,3,7,0,169.019,0.999844,0.998444,0.998464,0.997874,0.998013,1.04956
-166.129,0.736105,0.120265,3,11,0,171.958,0.998759,0.997695,0.996285,0.998679,0.99818,1.08593
-171.807,0.687853,0.120265,3,7,0,175.713,1.00008,0.998051,0.996351,0.996636,0.9976,1.11228
-166.254,1,0.120265,2,3,0,173.781,0.99968,0.997594,0.996556,0.997364,0.997381,1.10067
-164.264,0.972927,0.120265,4,23,0,168.444,1.0001,0.997904,0.997301,0.998408,0.998389,1.00013
-163.002,0.990331,0.120265,3,7,0,165.293,0.999863,0.998419,0.997311,0.998598,0.998582,1.01213
-163.04,0.99473,0.120265,4,23,0,165.569,0.999758,0.998334,0.997279,0.998137,0.998359,1.02616
-163.751,0.88121,0.120265,3,7,0,165.824,0.999267,0.9994,0.998496,0.999219,0.998197,1.06265
-165.212,0.993753,0.120265,3,15,0,168.741,0.998152,0.996758,0.996575,0.996419,0.997098,0.986431
-166.774,0.797572,0.120265,2,7,0,169.968,0.997797,0.997496,0.997346,0.998316,0.996705,1.01009
-163.39,0.99494,0.120265,3,7,0,167.991,0.998775,0.99776,0.997033,0.997674,0.998321,1.03102
-163.575,0.995506,0.120265,4,31,0,165.349,1.00012,0.998854,0.998101,0.998657,0.998877,1.14321
-165.13,0.935115,0.120265,5,31,0,171.405,1.00124,0.999612,0.999033,0.9994,1.00006,0.950576
-163.186,0.920997,0.120265,3,7,0,167.703,1.00001,0.999432,0.998858,0.998957,0.998752,0.93592
-162.271,0.99132,0.120265,4,15,0,163.716,0.998918,0.998473,0.997708,0.99816,0.99803,0.97265
-163.655,0.996778,0.120265,4,31,0,163.989,0.999992,0.998489,0.998232,0.999033,0.998872,1.15699
-165.277,0.918365,0.120265,3,15,0,166.769,0.998861,0.998457,0.99888,0.998213,0.998006,1.1235
-165.545,0.957053,0.120265,4,23,0,169.544,1.0007,1.00004,0.998817,1.00087,1.00003,1.10868
-166.267,0.981464,0.120265,3,7,0,167.359,1.00081,0.999586,1.00027,0.999,0.999507,1.09788
-165.086,0.993108,0.120265,3,7,0,168.74,1.00074,0.999872,1.00013,1.0008,0.99964,1.11425
-164.017,0.999349,0.120265,5,31,0,165.876,0.998472,0.997667,0.996691,0.996981,0.997614,0.988494
-162.09,0.941728,0.120265,3,11,0,166.055,0.999793,0.99912,0.998958,0.999191,0.999071,1.01805
-162.336,0.744275,0.120265,4,23,0,167.014,1.00034,0.998821,0.99866,0.999308,0.998997,1.06787
-161.797,0.837147,0.120265,3,15,0,165.608,0.99954,0.999011,0.998448,0.998985,0.99871,1.01795
-162.759,0.845056,0.120265,2,3,0,163.766,1.00008,0.998757,0.998911,0.999427,0.998545,1.01934
-166.357,0.967439,0.120265,5,31,0,167.728,1.00086,1.00039,0.998737,1.00002,0.999531,1.22136
-166.355,0.953607,0.120265,3,7,0,167.904,1.00032,0.998868,0.999787,0.999678,0.999738,1.20733
-167.763,0.955981,0.120265,3,15,0,169.029,1.00112,0.998614,0.999579,0.999236,1.00012,1.19201
-167.144,0.913782,0.120265,3,15,0,172.974,0.998742,0.999148,0.996751,0.997865,0.997498,1.17846
-164.835,0.919204,0.120265,3,7,0,171.207,0.999558,0.997435,0.998075,0.998703,0.998059,1.12989
-163.363,0.890497,0.120265,2,7,0,168.126,0.999341,0.998169,0.998322,0.998169,0.998133,1.12057
-168.718,0.741289,0.120265,3,7,0,169.619,1.00029,0.99791,0.998127,0.997285,0.997692,1.10393
-170.214,0.996966,0.120265,3,15,0,172.552,0.99708,0.997471,0.995992,0.998534,0.997226,1.10343
-166.853,0.996938,0.120265,2,7,0,172.824,0.997961,0.996916,0.99579,0.995942,0.996875,1.11693
-164.304,0.948864,0.120265,4,23,0,170.417,0.998318,0.997486,0.997644,0.998448,0.997468,1.07087
-164.371,0.925161,0.120265,3,7,0,166.927,0.999983,0.999073,0.997501,0.998138,0.998733,1.04472
-163.144,0.900093,0.120265,3,11,0,167.547,0.998418,0.997669,0.99771,0.997808,0.997489,1.05415
-164.56,0.950535,0.120265,4,31,0,165.295,0.99897,0.998242,0.996245,0.998085,0.997768,1.08105
-165.877,0.95268,0.120265,4,19,0,167.974,1.00038,0.999712,0.997584,0.999712,0.998738,0.961666
-166.356,0.885801,0.120265,3,15,0,169.661,0.998903,0.997837,0.998978,0.99823,0.998644,0.962642
-166.384,0.916187,0.120265,3,7,0,170.421,0.998475,0.997862,0.998449,0.998908,0.998466,0.961426
-162.352,1,0.120265,2,3,0,165.987,0.999225,0.998318,0.998175,0.998235,0.998236,0.961104
-162.928,0.975609,0.120265,5,31,0,163.735,0.999731,0.998685,0.997651,0.998896,0.998298,1.11106
-162.92,0.997888,0.120265,3,7,0,163.393,0.999198,0.998389,0.998236,0.998263,0.998429,1.10952
-164.396,0.861989,0.120265,3,7,0,166.752,0.999297,0.998912,0.997354,0.999408,0.998819,1.06785
-163.514,0.989367,0.120265,4,23,0,167.384,0.9992,0.997315,0.997376,0.997693,0.997587,0.976904
-164.852,0.971415,0.120265,4,15,0,166.633,1.00019,0.998807,0.998778,0.99865,0.998851,0.880516
-164.713,0.888985,0.120265,4,15,0,167.965,1.00134,0.999405,0.998826,0.999623,0.999394,0.95366
-164.235,0.97715,0.120265,4,15,0,166.073,0.999139,0.999258,0.998859,0.999177,0.998841,0.946695
-163.601,0.981475,0.120265,4,23,0,165.757,0.999196,0.999266,0.998902,0.999386,0.998887,1.01417
-164.527,0.943701,0.120265,3,7,0,165.843,1.00078,0.998406,0.998237,0.998681,0.998909,1.03495
-164.376,0.997412,0.120265,4,19,0,166.649,0.999883,1.00005,0.999589,1.00023,0.999582,1.02541
-163.863,1,0.120265,3,7,0,164.81,1.00094,0.998993,0.998476,0.999127,0.999467,1.03906
-165.741,0.885519,0.120265,3,7,0,168.226,1.00031,0.999901,0.997712,0.999941,0.999533,1.02152
-163.716,0.988814,0.120265,3,15,0,170.082,1.00081,0.99949,0.999111,1.0003,1.0001,1.05555
-163.269,0.961705,0.120265,4,15,0,165.347,1.00005,0.998836,0.998026,0.999272,0.999377,1.07869
-163.087,0.794778,0.120265,4,19,0,169.847,0.99913,0.998818,0.998281,0.998408,0.997869,1.00482
-163.809,0.87423,0.120265,4,23,0,166.238,0.999583,0.999235,0.998796,0.998335,0.998859,1.0723
-164.931,0.968243,0.120265,3,7,0,166.278,1.00015,0.997756,0.998239,0.999056,0.999042,1.08963
-165.187,0.990646,0.120265,3,7,0,167.374,0.999531,0.999971,0.997771,0.998919,0.99833,1.05719
-165.973,0.991806,0.120265,4,23,0,167.767,0.999353,0.999866,0.997679,0.998875,0.998905,0.951941
-163.446,0.998469,0.120265,3,11,0,168.213,0.999033,0.9979,0.998418,0.998219,0.998515,1.06607
-165.296,0.936818,0.120265,4,23,0,166.506,1.00003,0.998749,0.999684,0.999304,0.999865,1.00006
-163.903,0.98837,0.120265,3,15,0,168.191,1.00023,0.998513,0.999424,0.998973,0.999194,1.00902
-163.236,0.914851,0.120265,3,15,0,166.741,0.999026,0.998419,0.998475,0.998729,0.998003,0.972474
-163.297,0.992706,0.120265,5,31,0,164.841,0.999448,0.998839,0.99868,0.998675,0.999093,1.10249
-163.226,0.962961,0.120265,3,15,0,164.764,0.998935,0.998491,0.998129,0.999111,0.998653,1.05379
-164.803,0.889756,0.120265,4,19,0,166.895,1.0004,0.999744,0.999894,1.00047,1.00031,1.00544
-164.359,0.957568,0.120265,4,31,0,168.165,1.00064,0.999971,0.999421,0.999491,1.00026,1.0956
-164.056,0.977784,0.120265,5,31,0,168.866,0.999385,0.999527,0.998921,0.99914,0.999246,0.960484
-164.01,0.932146,0.120265,4,23,0,166.226,0.999581,0.997688,0.9975,0.997947,0.998682,1.05853
-162.895,0.961907,0.120265,3,7,0,165.584,0.998879,0.998305,0.998295,0.998793,0.998309,1.05355
-164.873,0.935691,0.120265,4,23,0,166.042,0.999041,0.998326,0.998389,0.998199,0.997568,0.933734
-163.769,0.969013,0.120265,3,15,0,166.578,0.999605,0.998503,0.998038,0.99823,0.997779,0.937104
-163.629,0.942917,0.120265,2,3,0,165.279,0.999133,0.998857,0.998197,0.99821,0.998128,0.934291
-166.167,0.576215,0.120265,2,3,0,169.756,0.999789,0.99785,0.997431,0.998835,0.999155,0.953202
-164.496,0.969707,0.120265,3,15,0,169.343,0.99907,0.999528,0.998967,0.998954,0.998782,1.0387
-164.656,0.995515,0.120265,4,19,0,165.938,0.998313,0.998696,0.998011,0.998317,0.998096,1.11165
-164.058,0.905918,0.120265,4,23,0,170.178,1.00039,0.999552,0.998353,0.998548,0.99903,1.06736
-163.801,0.91635,0.120265,3,7,0,166.736,1.00036,0.9995,0.99873,0.998589,0.998792,1.00647
-164.798,0.933391,0.120265,3,7,0,167.531,0.999997,0.998551,0.999085,0.999976,0.999547,1.01438
-164.38,1,0.120265,4,23,0,166.766,0.998884,0.997045,0.997442,0.998152,0.997715,1.11783
-163.852,0.947331,0.120265,3,7,0,166.66,0.999244,0.998447,0.997086,0.998423,0.998572,1.12155
-164.446,0.962347,0.120265,2,7,0,165.017,0.999082,0.998307,0.997202,0.998567,0.998816,1.12683
-164.653,0.993872,0.120265,5,31,0,165.58,1.00037,0.999064,0.998335,0.999414,0.998228,0.933003
-164.349,0.787745,0.120265,2,7,0,169.037,1.0004,0.998582,0.998645,0.99888,0.999522,0.942425
-166.621,0.886935,0.120265,3,7,0,168.021,1.00039,1.00066,0.999345,1.00028,0.998868,0.967278
-164.277,0.966347,0.120265,2,3,0,167.447,1.00042,1.0005,0.999253,1.00013,0.999359,0.964864
-166.931,0.791078,0.120265,4,23,0,169.325,0.999018,0.996509,0.996972,0.996638,0.997298,1.11172
-165.596,0.99449,0.120265,5,31,0,167.699,0.998825,0.996428,0.996823,0.99732,0.997373,1.11482
-165.098,0.974183,0.120265,3,7,0,167.447,0.998314,0.998114,0.996292,0.997251,0.997765,1.09915
-164.494,0.990993,0.120265,3,7,0,166.432,0.998275,0.996707,0.996656,0.996771,0.996896,1.09406
-168.302,0.928864,0.120265,4,31,0,169.653,0.996735,0.996457,0.995415,0.995965,0.995255,1.01756
-166.993,1,0.120265,4,23,0,169.432,1.00282,1.00102,1.001,1.00141,1.00094,1.05467
-166.105,0.981109,0.120265,3,7,0,168.573,1.00123,1.00065,1.00083,1.00149,1.00073,1.06811
-162.747,0.88539,0.120265,4,23,0,173.474,0.999527,0.998585,0.997453,0.998348,0.998687,1.05691
-163.119,0.966188,0.120265,4,23,0,164.722,0.999048,0.998474,0.997513,0.998066,0.998678,1.04994
-164.074,0.816718,0.120265,3,11,0,169.201,0.998195,0.997233,0.996563,0.996789,0.996726,1.0247
-164.39,0.98636,0.120265,3,7,0,165.559,0.997506,0.996684,0.995859,0.996834,0.996738,1.04588
-165.193,0.973333,0.120265,3,7,0,165.453,0.997362,0.996644,0.995649,0.99708,0.99631,1.05527
-163.761,0.891606,0.120265,3,15,0,167.825,0.998327,0.997592,0.996318,0.997001,0.997198,1.04069
-169.597,0.592276,0.120265,2,3,0,170.199,0.999387,0.997538,0.996142,0.996867,0.996409,1.0354
-165.687,1,0.120265,2,3,0,169.477,0.997695,0.996821,0.996838,0.997757,0.997743,1.04772
-168.691,0.990274,0.120265,4,31,0,171.888,1.00142,1.00053,1.00078,1.00162,1.00104,1.23722
-169.623,0.968458,0.120265,3,7,0,170.244,1.00144,1.00045,1.00052,1.00166,1.00139,1.24108
-170.785,0.827897,0.120265,3,7,0,177.717,1.00278,1.00235,1.00168,1.00151,1.001,1.22314
-168.268,1,0.120265,3,7,0,171.615,1.00186,1.00065,1.00138,1.00149,1.00124,1.20561
-164.89,0.928595,0.120265,5,31,0,171.52,0.998861,0.998639,0.997015,0.997526,0.997827,0.946203
-163.278,1,0.120265,3,7,0,165.397,0.9988,0.997736,0.99679,0.998095,0.997403,0.951427
-164.967,0.662601,0.120265,4,31,0,168.663,0.999401,0.998206,0.998113,0.998703,0.999155,0.907636
-169.699,0.838802,0.120265,4,15,0,171.891,0.997502,0.996575,0.996118,0.996686,0.997562,0.888415
-167.69,0.960657,0.120265,3,7,0,172.625,0.998023,0.997416,0.997083,0.997873,0.996494,0.902686
-165.044,0.808149,0.120265,5,31,0,171.89,0.999054,0.998858,0.998086,0.998969,0.9976,0.939397
-163.991,1,0.120265,4,23,0,166.593,0.998844,0.998942,0.997899,0.998906,0.997814,1.09564
-163.351,0.998521,0.120265,3,15,0,165.047,0.999194,0.99812,0.998151,0.997961,0.99831,1.11549
-162.766,0.911038,0.120265,4,31,0,165.711,0.998625,0.997967,0.997368,0.99801,0.998291,1.03305
-162.158,0.980674,0.120265,5,31,0,164.038,1.00026,0.999592,0.998963,0.999784,0.999178,1.03548
-162.673,0.891243,0.120265,3,15,0,163.977,1.00009,0.998804,0.998356,0.998506,0.998397,1.04375
-161.978,0.961943,0.120265,4,19,0,167.241,0.999637,0.998253,0.997878,0.99866,0.998177,1.0278
-163.194,0.952699,0.120265,3,15,0,164.89,0.99981,0.999378,0.99867,0.999201,0.999467,1.10217
-163.31,0.916912,0.120265,3,7,0,165.769,1.00025,0.999065,0.99837,0.999004,0.998464,1.11997
-164.53,0.931754,0.120265,3,11,0,166.666,1.00064,0.999478,0.99898,1.00017,1.00005,1.14278
-163.455,0.926182,0.120265,4,19,0,167.402,0.999517,0.997594,0.997414,0.998585,0.998032,0.983813
-163.487,0.959787,0.120265,3,15,0,165.552,0.999617,0.998244,0.997363,0.998357,0.997737,0.944438
-169.319,0.599805,0.120265,5,31,0,172.254,0.999244,0.997662,0.998436,0.998256,0.996681,1.16494
-165.132,0.991061,0.120265,2,3,0,170.424,0.998113,0.99808,0.997689,0.997974,0.99795,1.16408
-165.197,0.783116,0.120265,3,15,0,170.986,1.00051,0.999025,0.997614,0.998765,0.998276,1.12356
-164.408,0.961728,0.120265,4,31,0,167.723,1.00099,0.999286,0.998555,1.00017,0.999067,1.07268
-163.028,0.81532,0.120265,2,7,0,168.463,1.00039,0.999903,0.998848,0.999992,0.999679,1.07684
-164.303,0.958941,0.120265,4,31,0,165.742,0.998218,0.997677,0.996246,0.997801,0.996917,1.09897
-164.96,0.859809,0.120265,5,31,0,171.233,0.999764,0.998681,0.99784,0.999068,0.998494,0.85935
-164.352,0.946564,0.120265,2,7,0,166.808,0.999969,0.998831,0.997701,0.998923,0.998614,0.885337
-164.068,0.811167,0.120265,2,7,0,167.589,0.999099,0.998235,0.99781,0.998187,0.997978,0.877759
-166.889,0.69582,0.120265,5,31,0,168.904,0.999343,0.998711,0.999309,0.998989,0.999297,1.2234
-165.329,1,0.120265,3,7,0,167.57,1.00013,0.998889,0.998947,0.99892,0.99836,1.19903
-164.974,0.982421,0.120265,5,31,0,167.175,0.998855,0.998551,0.99723,0.998117,0.997249,0.922634
-162.837,0.998383,0.120265,3,15,0,166.13,0.999734,0.998503,0.997905,0.998192,0.997919,1.01133
-163.426,0.934075,0.120265,3,15,0,167.547,0.999306,0.998981,0.998513,0.998897,0.998485,0.913044
-162.949,0.97988,0.120265,4,15,0,164.216,1.0004,0.999245,0.99853,0.999076,0.99889,0.931369
-162.784,0.951152,0.120265,4,15,0,164.236,0.999172,0.998256,0.997311,0.998327,0.998285,0.933325
-164.82,0.666509,0.120265,3,11,0,168.423,0.99843,0.997712,0.996906,0.997496,0.998375,0.982801
-163.308,0.931393,0.120265,4,23,0,167.934,0.999724,0.998236,0.997929,0.998891,0.99793,1.09837
-163.755,0.907262,0.120265,3,15,0,166.362,0.999872,0.99892,0.998527,0.99932,0.999777,1.02575
-164.835,0.975732,0.120265,3,15,0,166.815,1.00125,0.999875,0.998686,1.00016,0.999052,1.04943
-164.03,0.950335,0.120265,3,7,0,167.317,1.00134,0.999734,0.998778,0.999755,0.999788,1.0478
-163.9,0.994645,0.120265,3,15,0,164.982,0.999676,0.999197,0.999618,0.999549,0.999079,1.03406
-164.372,0.91473,0.120265,3,15,0,167.084,1.00079,0.998425,0.998864,0.99915,0.998723,1.04911
-164.458,0.953243,0.120265,3,15,0,166.665,1.00059,0.998616,0.998802,0.999214,0.998276,1.03743
-164.843,0.990368,0.120265,3,7,0,166.033,0.999498,0.99974,0.997938,0.999285,0.999449,1.06417
-163.217,0.997947,0.120265,3,15,0,166.99,0.999528,0.998744,0.997866,0.998362,0.997716,1.06505
-163.436,0.959293,0.120265,2,7,0,164.87,0.999503,0.999387,0.997778,0.998534,0.998243,1.06125
-162.194,0.931577,0.120265,2,7,0,164.944,0.999974,0.998817,0.998401,0.998733,0.99872,1.07597
-163.508,0.837899,0.120265,3,15,0,165.368,0.999837,0.999307,0.998385,0.998526,0.999212,1.0831
-166.166,0.866023,0.120265,3,15,0,168.429,1.00133,0.998695,0.998331,0.99946,0.999215,1.11371
-166.213,0.902794,0.120265,3,15,0,171.047,0.999203,0.998841,0.996922,0.99735,0.998253,1.09175
-163.367,1,0.120265,2,3,0,166.507,0.999352,0.998605,0.997203,0.997984,0.997836,1.08455
-163.099,0.886598,0.120265,3,7,0,167.849,0.998872,0.99803,0.99695,0.998609,0.998074,1.04106
-162.987,0.836368,0.120265,3,11,0,167.425,0.999288,0.999055,0.998389,0.998378,0.998197,1.01388
-163.261,0.994754,0.120265,2,3,0,163.73,0.999016,0.998996,0.998519,0.998489,0.998257,1.01554
-164.645,0.754933,0.120265,3,7,0,169.4,1.00114,0.998949,0.9984,0.999283,0.99896,1.0119
-162.312,0.994196,0.120265,3,15,0,166.731,0.99975,0.998689,0.99831,0.999114,0.998193,1.01321
-162.267,0.851455,0.120265,3,11,0,165.764,0.999709,0.998121,0.998219,0.998562,0.998655,1.01876
-163.074,0.939811,0.120265,3,15,0,164.864,1.0001,1,0.998609,0.999776,0.999128,0.994973
-165.292,0.867402,0.120265,3,15,0,167.725,1.00172,0.999932,0.999073,1.00023,1.00028,0.989352
-163.462,0.968349,0.120265,3,15,0,168.245,0.999058,0.997859,0.996597,0.998177,0.997911,0.981921
-163.864,0.979351,0.120265,3,7,0,164.631,0.9988,0.997838,0.997877,0.997522,0.997405,0.985325
-163.794,0.968202,0.120265,3,7,0,165.967,0.998607,0.998033,0.996852,0.998594,0.99773,0.96816
-162.705,0.988059,0.120265,5,31,0,165.351,1.0007,0.999981,0.999305,0.999627,0.999419,1.04819
-162.846,0.919259,0.120265,5,31,0,164.917,0.999288,0.998781,0.998618,0.999017,0.998838,0.95412
-162.92,0.9791,0.120265,3,15,0,164.307,0.999891,0.998729,0.99747,0.998576,0.998239,0.979146
-162.609,0.986739,0.120265,2,7,0,164.246,0.999395,0.998139,0.998157,0.998538,0.997931,0.966935
-164.13,0.87195,0.120265,4,19,0,165.307,0.998998,0.997555,0.997815,0.998718,0.997511,1.04148
-165.951,0.87025,0.120265,3,7,0,167.971,0.999057,0.998674,0.997128,0.997118,0.997636,1.02816
-167.673,0.977646,0.120265,4,31,0,168.959,1.00071,0.999251,0.998933,0.998141,0.99887,0.946739
-163.473,1,0.120265,2,3,0,168.05,0.999745,0.99907,0.998922,0.999703,0.998756,0.941896
-165.559,0.811523,0.120265,3,7,0,167.176,1.00055,0.998588,0.998657,0.99865,0.999667,0.952724
-164.209,0.980034,0.120265,5,31,0,168.216,1.00056,1.00002,0.999186,0.999214,0.99903,0.957538
-163.788,0.984873,0.120265,4,31,0,165.63,0.999368,0.997655,0.997737,0.998824,0.998338,0.956288
-171.024,0.552687,0.120265,2,3,0,172.629,0.999663,0.998091,0.999359,0.99802,0.99752,0.942624
-164.022,1,0.120265,2,3,0,172.054,0.999186,0.998465,0.998341,0.999362,0.998246,0.946972
-162.863,0.988538,0.120265,5,31,0,166.615,0.999303,0.999032,0.998508,0.998403,0.998626,0.99815
-162.83,0.986954,0.120265,3,15,0,165.151,0.999362,0.999088,0.998863,0.998915,0.998533,1.00757
-163.862,0.920872,0.120265,3,15,0,165.527,0.999655,0.999072,0.998484,1.00002,0.998694,1.02132
-164.908,0.858466,0.120265,3,7,0,167.478,1.00003,0.998699,0.998289,0.998468,0.999706,1.0501
-165.445,0.950694,0.120265,3,7,0,168.338,1.0001,0.999944,0.998345,0.998391,0.998898,1.05021
-163.338,0.954808,0.120265,3,7,0,167.415,0.999498,0.997959,0.99819,0.999033,0.998594,1.09054
-164.705,0.955788,0.120265,4,23,0,166.751,1.00044,0.998571,0.999038,0.999563,0.998663,0.935277
-166.073,0.843871,0.120265,4,31,0,171.496,1.0008,0.998812,0.999498,1.0004,0.999707,1.15653
-164.996,1,0.120265,3,7,0,166.939,0.999866,0.999805,0.998421,0.998641,0.998736,1.15119
-164.774,0.990196,0.120265,5,31,0,166.349,1.00032,1.00032,0.999368,0.999141,0.999207,1.07421
-166.145,0.894314,0.120265,3,15,0,168.723,1.00031,0.998405,0.997844,0.999976,0.999203,1.11005
-168.053,0.955088,0.120265,3,15,0,171.702,0.998256,0.998341,0.997475,0.996635,0.996945,1.07002
-164.904,0.990153,0.120265,4,23,0,170.422,0.99985,0.997689,0.997132,0.998895,0.998159,1.01636
-164.677,0.989204,0.120265,3,7,0,166.327,0.998519,0.998695,0.998078,0.997677,0.998025,1.02457
-164.375,0.995062,0.120265,5,31,0,167.682,1.00094,0.99956,0.998454,0.999021,0.999551,0.998614
-167.302,0.735165,0.120265,2,3,0,169.136,1.00081,0.999596,0.99816,0.998949,1.00018,0.997615
-163.234,0.953359,0.120265,3,7,0,169.195,1.00038,0.999587,0.998368,0.999097,0.999399,0.964844
-163.311,0.963319,0.120265,5,31,0,165.066,0.999215,0.998539,0.998642,0.998956,0.998591,1.11274
-164.08,0.954277,0.120265,3,7,0,165.048,0.999775,0.998751,0.997307,0.998212,0.998319,1.12758
-163.803,0.989201,0.120265,4,15,0,165.455,0.998292,0.997377,0.997258,0.997813,0.997875,1.11162
-164.636,0.898921,0.120265,3,7,0,166.182,0.999297,0.998033,0.997733,0.997461,0.997393,1.09815
-163.681,0.993982,0.120265,4,23,0,167.633,0.999539,0.998555,0.997793,0.998668,0.997593,0.960793
-163.397,0.999948,0.120265,5,31,0,165.152,0.998593,0.997976,0.997841,0.998513,0.998324,1.08157
-162.92,0.979702,0.120265,4,31,0,164.937,0.999353,0.998049,0.997298,0.998546,0.997595,1.01192
-163.113,0.921438,0.120265,3,7,0,164.913,0.999177,0.998281,0.99835,0.998079,0.9987,1.0346
-167.435,0.761178,0.120265,3,15,0,170.902,1.0001,0.997333,0.997144,0.997486,0.998282,1.00668
-161.881,1,0.120265,2,3,0,167.13,0.99918,0.998246,0.997408,0.998226,0.998149,1.00519
-162.416,0.891349,0.120265,3,7,0,163.749,0.998811,0.997805,0.99723,0.997627,0.997906,1.01499
-162.748,0.952855,0.120265,4,31,0,163.672,0.999546,0.998358,0.998439,0.998216,0.998661,1.05854
-164.329,0.950044,0.120265,4,31,0,167.312,0.998761,0.998102,0.996842,0.998179,0.997049,0.958527
-165.149,0.731571,0.120265,3,7,0,169.882,0.999377,0.997292,0.99742,0.997655,0.998577,0.997753
-166.593,0.757782,0.120265,3,7,0,172.133,0.999029,0.99956,0.997675,0.999144,0.997658,0.978514
-165.019,0.979025,0.120265,3,15,0,168.98,1.00029,0.99962,0.999718,1.00016,0.998722,1.009
-162.31,0.998088,0.120265,3,15,0,165.941,0.999849,0.998729,0.998189,0.998831,0.999059,1.0689
-162.984,0.959052,0.120265,5,31,0,164.263,0.999102,0.998033,0.998059,0.998621,0.997784,0.966304
-162.283,0.88385,0.120265,3,15,0,166.217,0.99977,0.999124,0.998172,0.998723,0.998993,0.985564
-165.486,0.777305,0.120265,3,15,0,167.893,0.999749,0.999738,0.998847,0.998276,0.998664,1.01843
-167.052,0.876549,0.120265,3,11,0,172.411,1.00116,1.00082,1.00028,1.00009,0.999947,0.900967
-162.269,0.976179,0.120265,4,15,0,168.935,1.00004,0.999046,0.998143,0.999508,0.998978,1.02907
-163.661,0.909228,0.120265,3,7,0,164.417,0.999719,0.999548,0.999496,0.999441,0.998923,1.0185
-166.396,0.928393,0.120265,4,23,0,167.984,0.999789,1.00004,0.999357,0.999572,0.998643,0.921884
-165.2,0.959591,0.120265,3,7,0,168.602,0.999364,0.99918,0.998979,0.999838,0.998982,0.929298
-164.38,0.966933,0.120265,3,7,0,167.215,1.00054,0.999535,0.99899,0.999857,0.999894,0.901164
-163.781,0.95945,0.120265,4,15,0,166.39,0.999418,0.99844,0.997548,0.998775,0.998551,0.89549
-166.354,0.659615,0.120265,3,7,0,167.559,0.999596,0.998223,0.998101,0.998484,0.997322,0.916816
-162.103,1,0.120265,4,27,0,167.942,0.999168,0.99819,0.997302,0.998164,0.998247,1.01341
-162.196,0.998951,0.120265,5,31,0,162.6,0.999612,0.998608,0.997744,0.998867,0.998254,1.06668
-163.282,0.914154,0.120265,2,3,0,163.632,0.999083,0.999015,0.997634,0.998311,0.998573,1.07357
-165.4,0.896665,0.120265,3,7,0,165.812,1.00016,0.997755,0.997967,0.998938,0.997833,1.06981
-167.222,0.98665,0.120265,3,15,0,168.909,0.997479,0.998373,0.997019,0.997313,0.997823,1.09902
-167.33,0.988353,0.120265,3,7,0,169.252,0.999403,0.996622,0.997337,0.997911,0.997004,1.09903
-166.972,0.903352,0.120265,2,3,0,170.539,0.999684,0.996767,0.997181,0.997963,0.997289,1.07813
-165.828,1,0.120265,2,3,0,167.803,0.99938,0.996931,0.997323,0.998311,0.997299,1.07902
-165.091,0.996723,0.120265,3,15,0,168.316,0.997956,0.998227,0.997336,0.997973,0.9978,1.14732
-163.726,1,0.120265,2,3,0,165.053,0.998479,0.9981,0.997362,0.998033,0.99756,1.14157
-163.173,0.964389,0.120265,3,7,0,164.583,0.99945,0.998078,0.997508,0.998172,0.998408,1.12067
-164.191,0.968992,0.120265,5,31,0,166.528,1.00021,0.998569,0.998239,0.998775,0.998519,1.17109
-164.167,0.951747,0.120265,3,7,0,165.49,0.99923,0.998453,0.998008,0.998813,0.998846,1.16958
-163.635,0.998658,0.120265,3,15,0,164.654,0.999875,0.998942,0.998531,0.99869,0.998252,1.13523
-167.055,0.922048,0.120265,5,31,0,168.862,0.999213,0.997151,0.998378,0.997941,0.998557,1.18828
-162.466,0.979949,0.120265,4,23,0,168.583,1.00024,0.999144,0.998224,0.999305,0.998998,0.950811
-163.626,0.797287,0.120265,3,7,0,165.507,0.999289,0.998625,0.998729,0.999429,0.998388,0.99123
-162.422,0.980134,0.120265,4,23,0,166.387,0.999576,0.998691,0.998407,0.998451,0.998479,1.08136
-163.592,0.809026,0.120265,3,15,0,168.704,1.00049,0.999735,0.998844,1,1.00009,1.00807
-163.731,0.808908,0.120265,4,23,0,169.948,1.00005,0.999191,0.999338,0.999798,0.99885,1.11011
-165.284,0.885486,0.120265,2,3,0,166.012,1.00025,0.999689,0.999674,0.999898,0.998582,1.10739
-165.487,0.992859,0.120265,3,7,0,166.301,1.00079,0.999535,0.998699,0.99956,1.00045,1.08065
-163.369,0.998863,0.120265,3,15,0,166.82,0.998633,0.998233,0.997955,0.998351,0.997718,1.09936
-163.213,0.961472,0.120265,4,23,0,166.166,1.00019,0.998717,0.997769,0.998487,0.998904,1.01096
-167.317,0.876952,0.120265,4,23,0,169.348,0.9989,0.997868,0.99567,0.997064,0.997338,1.15017
-164.395,0.971314,0.120265,3,15,0,170.518,0.998201,0.997834,0.997131,0.99856,0.99747,1.09376
-164.648,0.865269,0.120265,3,7,0,169.021,0.997986,0.997647,0.997796,0.997836,0.997505,1.10054
-164.644,0.974309,0.120265,4,23,0,168.314,1.00089,0.999481,0.998122,0.999172,0.999479,1.09862
-163.324,0.995639,0.120265,3,7,0,165.71,0.999943,0.999342,0.998125,0.99969,0.998804,1.10444
-163.336,0.959837,0.120265,3,15,0,165.232,1.00027,0.998981,0.998094,0.998835,0.998287,1.086
-164.027,0.874653,0.120265,3,15,0,170.408,1.00039,0.999491,0.999785,1.00013,1.00012,1.00328
-162.711,0.962909,0.120265,3,7,0,166.193,1.00089,0.999218,0.999205,0.999743,0.999491,1.02321
-165.901,0.873234,0.120265,5,31,0,168.899,1.00119,1.00146,0.999928,1.00072,1.00015,1.0853
-165.421,0.998692,0.120265,4,23,0,167.705,0.998527,0.996566,0.996462,0.997153,0.996962,0.939011
-165.718,0.973291,0.120265,3,7,0,166.495,0.997651,0.997841,0.996544,0.997222,0.997235,0.931555
-167.123,0.960907,0.120265,3,7,0,168.137,0.998538,0.99649,0.996756,0.997381,0.996725,0.910902
-165.673,1,0.120265,5,31,0,170.774,1.00131,1,0.999886,0.999704,1.00034,1.17423
-165.044,0.997284,0.120265,3,7,0,166.366,1.00103,1.00003,0.999267,1.00018,1.00038,1.1648
-163.745,0.949726,0.120265,4,31,0,166.809,0.998619,0.998027,0.997451,0.998644,0.997404,0.981518
-163.583,1,0.120265,4,15,0,164.697,0.998326,0.997722,0.997158,0.998106,0.997024,1.02292
-162.935,0.95955,0.120265,3,11,0,164.966,0.999698,0.998653,0.998062,0.99814,0.998848,1.00276
-161.936,0.987859,0.120265,2,7,0,163.6,0.999484,0.998502,0.997782,0.998482,0.998654,1.00199
-161.936,0.899578,0.120265,2,7,0,163.417,0.999484,0.998502,0.997782,0.998482,0.998654,1.00199
-163.506,0.86694,0.120265,3,7,0,164.261,0.999417,0.998735,0.997486,0.99803,0.99876,1.03081
-162.799,0.832735,0.120265,3,7,0,167.419,0.99989,0.998382,0.997448,0.998851,0.998506,1.03659
-164.159,0.911661,0.120265,3,7,0,165.404,0.998707,0.997445,0.997705,0.998347,0.997289,1.0834
-165.118,0.851986,0.120265,3,7,0,168.044,0.99901,0.998294,0.996629,0.997262,0.997409,1.10732
-164.075,0.98205,0.120265,3,7,0,167.051,0.998458,0.997133,0.99726,0.998168,0.997894,1.08175
-163.305,0.83823,0.120265,3,15,0,170.169,0.999726,0.998814,0.999224,0.999618,0.998902,1.03182
-163.362,0.992388,0.120265,3,7,0,164.341,1.00014,0.999364,0.997947,0.99896,0.999324,1.05798
-163.122,0.98918,0.120265,3,7,0,164.836,1.00022,0.999207,0.999517,0.999853,0.999266,1.07037
-162.611,0.858592,0.120265,3,7,0,167.809,0.999939,0.998837,0.997762,0.998755,0.998849,1.07115
-163.243,0.922278,0.120265,2,7,0,164.518,0.999332,0.998484,0.998596,0.999198,0.999061,1.05886
-164.28,0.95888,0.120265,3,15,0,167.488,1.00075,1.0003,0.9992,0.999764,0.999076,1.10729
-164.128,0.897223,0.120265,3,7,0,166.926,1.00056,0.999221,0.999156,1.00025,0.999918,1.10261
-163.04,0.987205,0.120265,5,31,0,165.077,1.0001,0.998885,0.998364,0.998651,0.998711,0.924169
-163.454,0.909594,0.120265,5,31,0,165.686,0.998494,0.99772,0.997029,0.997214,0.997277,0.969377
-163.507,0.991119,0.120265,4,15,0,165.102,1.00061,1.00005,0.999508,0.999654,1.00009,0.987529
-163.068,0.999333,0.120265,4,31,0,164.045,1.00009,0.999659,0.999086,0.999221,0.999683,1.04407
-162.632,0.989889,0.120265,3,7,0,163.643,1.0002,0.998942,0.998445,0.999522,0.998544,1.04939
-161.985,0.980082,0.120265,4,23,0,164.046,0.999882,0.999117,0.998679,0.999255,0.998826,0.961552
-164.395,0.779843,0.120265,4,15,0,166.36,0.998457,0.997406,0.99682,0.996787,0.997675,1.02056
-162.648,0.997504,0.120265,3,7,0,165.096,0.998811,0.997719,0.997108,0.998253,0.998084,1.04123
-163.991,0.893998,0.120265,2,3,0,164.676,0.998803,0.997381,0.997125,0.998607,0.998009,1.04728
-166.081,0.9932,0.120265,4,31,0,167.153,0.999596,0.999009,0.998513,0.998104,0.998423,0.882415
-164.632,0.975084,0.120265,5,31,0,169.38,0.999317,0.997854,0.996575,0.997559,0.997796,1.11876
-165.221,0.986457,0.120265,4,31,0,166.746,1.00007,0.998563,0.998721,0.998281,0.998912,1.18348
-164.391,0.991635,0.120265,5,31,0,167.798,1.00155,0.999855,1.00031,1.00011,1.00021,1.03055
-164.453,0.825443,0.120265,3,15,0,169.732,0.99939,0.997165,0.99728,0.998339,0.997571,1.02394
-165.32,0.924477,0.120265,3,7,0,167.942,0.999782,0.997497,0.997436,0.998519,0.997574,0.971734
-165.413,0.968896,0.120265,3,15,0,168.362,0.999845,0.999196,0.999469,0.999661,0.998318,0.980609
-164.442,0.972998,0.120265,3,11,0,168.458,1.00113,1.00033,1.00034,1.0003,0.999848,0.960725
-165.27,1,0.120265,5,31,0,166.877,0.998574,0.997833,0.997044,0.997645,0.997174,1.20579
-163.424,0.902322,0.120265,5,31,0,168.934,1.001,0.999554,0.998956,1.00006,0.999864,0.96808
-162.594,0.902928,0.120265,3,11,0,166.416,0.999434,0.999336,0.99874,0.999156,0.998804,1.00372
-164.502,0.807473,0.120265,3,7,0,166.365,1.00017,1.0002,0.999228,0.999185,0.999823,1.03795
-164.501,0.994366,0.120265,4,31,0,166.805,0.999872,0.999516,0.999129,0.999631,0.998542,0.930456
-165.517,0.94611,0.120265,3,7,0,166.107,0.99997,0.999713,0.999282,0.9995,0.998409,0.936121
-166.046,0.794077,0.120265,2,3,0,169.778,1.00036,0.999229,0.999425,1.00003,0.998466,0.946962
-163.178,0.981098,0.120265,3,11,0,167.514,0.999992,0.998814,0.998308,0.999295,0.999035,0.908754
-164.714,0.848029,0.120265,4,15,0,166.987,0.998864,0.998705,0.997994,0.998044,0.998032,0.899285
-162.362,0.867357,0.120265,4,15,0,167.712,1.00033,0.999278,0.99866,0.999221,0.99924,0.949266
-162.805,0.82617,0.120265,3,7,0,164.713,0.999601,0.99901,0.998414,0.999458,0.998847,0.938893
-162.288,0.749906,0.120265,3,7,0,167.375,1.00033,0.999446,0.99844,0.999258,0.999259,0.984891
-163.236,0.901786,0.120265,4,15,0,165.055,1.00016,0.999339,0.999388,0.999807,0.99977,0.977108
-164.837,0.888424,0.120265,5,31,0,166.537,0.998499,0.998949,0.997448,0.99877,0.997697,1.1001
-163.566,0.971314,0.120265,3,7,0,166.884,0.999367,0.998493,0.998195,0.999487,0.998224,1.07025
-162.218,0.993735,0.120265,3,15,0,164.488,0.9999,0.99833,0.998356,0.998559,0.9985,1.02243
-162.574,0.824833,0.120265,3,15,0,165.435,0.998792,0.998649,0.997468,0.998557,0.998007,1.00529
-162.218,0.988822,0.120265,3,15,0,163.617,0.999995,0.998504,0.998708,0.998892,0.998838,0.996681
-162.013,0.972424,0.120265,3,11,0,163.321,1.00014,0.998935,0.998411,0.998948,0.999019,0.974384
-162.725,0.854117,0.120265,5,31,0,165.927,0.998934,0.997761,0.99723,0.997707,0.997686,1.08728
-163.336,0.929699,0.120265,5,31,0,164.444,1.00032,0.999637,0.998751,0.999207,0.998594,1.08088
-167.059,0.823824,0.120265,3,7,0,169.216,0.998791,1.00003,0.997966,0.999264,0.998939,1.06468
-165.345,1,0.120265,3,15,0,169.534,0.999328,1.00018,0.998463,0.999087,0.999013,1.05487
-166.83,0.958867,0.120265,3,15,0,169.59,0.999565,1.00006,0.999415,0.998887,0.999282,0.951528
-163.218,0.990133,0.120265,4,31,0,169.003,1.00075,0.999227,0.999094,1.00013,0.999703,0.988476
-165.083,0.873233,0.120265,3,7,0,165.869,1.0012,0.999195,0.999389,1.00043,0.99931,0.984194
-168.003,0.956928,0.120265,4,15,0,169.615,1.00004,0.997836,0.998365,0.999349,0.998317,0.878153
-167.196,0.946973,0.120265,5,31,0,172.505,1.00085,0.998864,0.998972,1.00051,0.999086,1.19727
-162.985,0.959816,0.120265,5,31,0,169.701,0.999933,0.999047,0.9982,0.99863,0.99872,0.924049
-165.037,0.800733,0.120265,3,7,0,166.834,0.999282,0.99889,0.999093,0.999106,0.9987,0.906414
-166.99,0.830122,0.120265,3,7,0,169.446,0.999309,0.998111,0.999144,0.998929,0.998552,0.891551
-168.234,0.805363,0.120265,2,7,0,172.295,1.00064,0.998969,0.998647,0.999101,0.9981,0.878953
-166.498,0.971946,0.120265,4,23,0,171.025,0.998234,0.998472,0.997892,0.998732,0.998968,1.05997
-164.739,0.994713,0.120265,3,15,0,169.188,0.999751,0.9989,0.999144,0.99857,0.998078,1.07649
-163.344,0.965148,0.120265,3,7,0,166.427,0.999731,0.998347,0.998933,0.998957,0.998416,1.07931
-163.1,0.975492,0.120265,4,23,0,165.536,0.999146,0.998603,0.996895,0.9982,0.998027,1.0273
-163.034,0.794249,0.120265,3,7,0,167.919,0.998941,0.997298,0.997161,0.997978,0.997641,1.06939
-162.653,0.80445,0.120265,3,7,0,166.042,0.998547,0.998275,0.997441,0.997974,0.997738,1.05831
-164.363,0.975161,0.120265,4,15,0,164.927,0.998609,0.996881,0.996715,0.997282,0.997025,1.12083
-163.508,0.852488,0.120265,3,7,0,167.631,0.998188,0.997734,0.99741,0.998001,0.997609,1.09742
-164.807,0.823035,0.120265,4,19,0,168.176,1.00021,0.999715,0.999842,1.0005,1.00007,1.06693
-164.124,0.999233,0.120265,5,31,0,165.74,0.999036,0.99789,0.99682,0.99735,0.997419,1.113
-163.6,0.978004,0.120265,4,23,0,166.879,0.999569,0.999357,0.998296,0.998602,0.998087,0.989848
-162.695,0.722786,0.120265,2,3,0,168.225,0.999084,0.998709,0.998338,0.999069,0.998719,1.0005
-162.406,0.975086,0.120265,3,7,0,163.728,0.999169,0.998387,0.99804,0.998968,0.998178,0.97942
-163.751,0.850529,0.120265,3,15,0,165.592,0.999469,0.998159,0.998999,0.998818,0.998904,1.0426
-167.831,0.883961,0.120265,5,31,0,169.508,1.00146,1.00106,0.999304,1.00099,0.999234,1.05603
-166.667,1,0.120265,3,7,0,169.515,1.00094,1.00115,0.998999,1.00075,0.99949,1.05742
-163.114,0.992528,0.120265,3,15,0,169.067,1.00001,0.998375,0.998676,0.998848,0.9993,1.03418
-165.517,0.767958,0.120265,3,7,0,167.7,0.999957,0.999076,0.999172,0.998678,0.99794,1.04987
-163.697,0.874427,0.120265,3,7,0,172.089,0.999245,0.998248,0.997096,0.998651,0.998747,1.01669
-163.398,0.933101,0.120265,4,15,0,167.788,0.998867,0.998119,0.997428,0.997982,0.998659,1.01342
-163.019,0.923403,0.120265,3,7,0,165.959,0.999436,0.997734,0.997489,0.997775,0.998231,1.01788
-163.608,0.973876,0.120265,3,15,0,165.187,0.998681,0.998812,0.997723,0.99869,0.99799,0.957163
-163.853,0.923462,0.120265,2,7,0,165.306,0.999129,0.998739,0.997843,0.998001,0.997632,0.963999
-164.389,0.996462,0.120265,5,31,0,165.552,0.998847,0.997042,0.996876,0.998109,0.99792,0.977269
-164.063,0.81521,0.120265,3,7,0,168.102,0.998288,0.998166,0.997222,0.997552,0.997516,0.938162
-166.087,0.616779,0.120265,3,7,0,170.68,0.999718,0.997915,0.997162,0.997705,0.998898,0.992622
-161.828,1,0.120265,2,3,0,165.949,0.999234,0.998219,0.997984,0.99854,0.998378,0.994356
-163.734,0.857847,0.120265,5,31,0,166.819,1.00069,0.999154,0.998353,0.999209,0.99897,1.12685
-163.168,0.998248,0.120265,5,31,0,164.599,0.999293,0.997895,0.997018,0.998517,0.998067,0.96857
-163.788,0.936391,0.120265,3,11,0,165.24,0.999277,0.999449,0.998982,0.999184,0.998824,0.980231
-165.094,0.950517,0.120265,4,23,0,167.485,0.998826,0.999047,0.999016,0.998869,0.998534,0.985126
-165.241,0.837732,0.120265,4,23,0,170.481,0.999313,0.998055,0.996577,0.997681,0.998489,1.0192
-165.164,0.900773,0.120265,2,3,0,168.163,0.998658,0.997963,0.996712,0.997217,0.998308,1.01625
-164.564,0.99447,0.120265,4,19,0,166.57,1.0001,0.999896,0.998457,0.999062,0.999806,1.06369
-164.691,0.940428,0.120265,3,7,0,167.346,0.999765,0.998678,0.998515,0.999753,0.999678,1.06555
-163.377,0.782799,0.120265,3,15,0,170.213,0.99973,0.998887,0.998282,0.998993,0.998154,1.13169
-164.574,0.805402,0.120265,3,11,0,168.194,0.999199,0.998875,0.998521,0.999206,0.998761,1.17926
-163.198,0.994305,0.120265,5,31,0,165.335,1.0002,0.999218,0.99916,0.999807,0.999284,1.11936
-163.345,0.796483,0.120265,3,7,0,167.324,1.00027,0.998862,0.998874,0.999115,0.998827,1.13592
-163.399,0.916078,0.120265,3,15,0,165.358,0.999873,0.998558,0.997533,0.998794,0.998112,1.11156
-164.358,0.979225,0.120265,4,31,0,167.211,0.998962,0.997673,0.997007,0.998652,0.997719,1.1346
-164.935,0.972068,0.120265,4,31,0,167.464,0.998893,0.996791,0.996859,0.998078,0.997518,0.986952
-164.439,0.987822,0.120265,4,23,0,166.165,1.00037,1.00073,0.999481,1.00026,0.999728,1.02426
-162.723,0.979226,0.120265,3,15,0,168.562,1.00021,0.998469,0.998058,0.999043,0.998805,0.972882
-166.07,0.753229,0.120265,3,7,0,167.951,0.999282,0.999061,0.998219,0.998942,0.999633,0.935796
-167.447,0.98449,0.120265,3,7,0,168.549,0.998637,0.998348,0.997018,0.998302,0.998848,0.905282
-166.281,0.94325,0.120265,2,3,0,169.86,0.999146,0.99769,0.998227,0.997924,0.997314,0.918978
-162.936,1,0.120265,2,7,0,167.383,0.998915,0.99788,0.997896,0.998404,0.998271,0.946088
-164.66,0.572787,0.120265,2,3,0,168.621,0.999472,0.998662,0.998497,0.998339,0.997652,0.961605
-163.088,0.971286,0.120265,3,15,0,168,0.999536,0.998135,0.997038,0.998189,0.998259,1.06046
-162.522,0.997461,0.120265,3,7,0,163.615,0.999438,0.998445,0.997225,0.998355,0.99811,1.06138
-163.206,0.802578,0.120265,3,7,0,165.964,0.998681,0.998581,0.997358,0.99873,0.998026,1.06681
-163.124,0.962782,0.120265,4,23,0,165.241,0.999629,0.998822,0.99751,0.99871,0.998233,0.93107
-163.636,0.886069,0.120265,4,31,0,169.294,0.999215,0.999116,0.997841,0.998859,0.997806,0.983232
-167.752,0.835382,0.120265,4,15,0,169.864,0.997918,0.997867,0.99533,0.996815,0.99737,1.04978
-168.372,0.955809,0.120265,3,7,0,171.937,0.997777,0.996427,0.996818,0.996593,0.995683,1.03039
-163.796,0.819407,0.120265,3,15,0,175.451,0.999099,0.99817,0.997044,0.999027,0.998132,1.00983
-164.39,0.963956,0.120265,4,23,0,166.179,1.00023,1.00028,0.998747,0.999304,0.999541,0.974031
-167.073,0.98496,0.120265,5,31,0,168.506,1,0.998146,0.998816,0.999706,0.998977,1.23101
-167.071,0.927694,0.120265,3,7,0,170.974,0.999896,0.999397,0.998723,0.998303,0.998841,1.24722
-165.906,0.970221,0.120265,4,31,0,169.097,1.00053,0.999145,0.998899,1.00052,0.999638,1.17508
-164.31,0.98509,0.120265,4,23,0,167.526,0.999951,0.99798,0.998142,0.99945,0.998923,1.02611
-165.236,0.94264,0.120265,3,15,0,167.638,1.0003,1.0006,0.99905,0.999274,0.999237,1.02402
-165.879,0.984572,0.120265,4,23,0,167.917,0.998538,0.998839,0.996931,0.997317,0.99768,1.0979
-172.326,0.647807,0.120265,2,3,0,174.943,0.998718,0.999062,0.996676,0.996324,0.997522,1.10457
-166.058,1,0.120265,3,7,0,174.333,0.998841,0.997793,0.996998,0.996663,0.997353,1.13181
-167.307,0.854409,0.120265,2,7,0,170.343,0.998667,0.996789,0.99733,0.99831,0.996709,1.12745
-166.232,0.99899,0.120265,2,7,0,168.285,0.998888,0.996977,0.997547,0.998373,0.997058,1.12765
-167.929,0.949527,0.120265,3,7,0,169.328,0.998267,0.997753,0.99588,0.99648,0.997791,1.12126
-165.187,0.996171,0.120265,3,7,0,171.038,0.998756,0.997711,0.9984,0.998027,0.9975,1.13095
-165.496,0.98019,0.120265,3,7,0,167.762,0.999079,0.997378,0.996451,0.998298,0.997654,1.15645
-163.541,0.994185,0.120265,5,31,0,166.579,0.999256,0.997819,0.996837,0.998135,0.997327,1.03813
-163.06,0.925895,0.120265,3,15,0,167.782,0.999775,0.999027,0.999056,0.99938,0.999356,1.0905
-164.014,0.960862,0.120265,3,11,0,165.119,0.999674,0.999074,0.999104,0.999753,0.999496,1.10201
-166.364,0.891345,0.120265,3,7,0,167.429,1.00165,1.00049,0.9993,0.99964,0.999386,1.09484
-164.579,0.964199,0.120265,2,7,0,168.596,1.00142,1.00005,1.00035,1.00046,1.00056,1.10428
-163.879,0.946145,0.120265,5,31,0,166.196,1.00053,0.998959,0.999469,0.999309,0.999391,1.12567
-169.867,0.696539,0.120265,3,7,0,171.063,1.00045,1.00055,0.999171,0.999401,1.00095,1.18986
-164.98,0.996521,0.120265,3,15,0,172.087,1.00052,0.999247,0.999881,0.999049,0.999875,1.08457
-165.963,0.835573,0.120265,3,15,0,170.452,1.00039,1.00007,0.998033,0.999148,0.998424,1.12424
-163.886,1,0.120265,5,31,0,166.973,1.0002,0.998778,0.998739,0.999038,0.998205,0.952872
-164.987,0.885387,0.120265,2,7,0,166.331,0.999651,0.998426,0.998452,0.998575,0.999563,0.963224
-163.622,0.992615,0.120265,3,7,0,166.84,1.00022,0.99933,0.998566,1.00007,0.999028,0.944597
-163.723,0.992598,0.120265,4,31,0,164.819,1.00078,0.999156,0.99937,1.00018,0.999501,0.961455
-162.367,0.99833,0.120265,4,15,0,164.501,0.9997,0.998368,0.998332,0.998402,0.998199,1.03919
-164.467,0.900564,0.120265,4,19,0,167.182,0.997897,0.997028,0.995945,0.997623,0.997082,1.05542
-164.387,0.897209,0.120265,4,15,0,171.12,0.999095,0.998976,0.998643,0.999407,0.998985,0.948241
-166.108,0.897017,0.120265,3,15,0,168.922,1.00015,1.00004,0.999522,0.998942,0.99885,0.954719
-162.804,0.986676,0.120265,2,3,0,166.716,1.00013,0.999627,0.99869,0.999049,0.999026,0.955358
-164.984,0.884005,0.120265,4,31,0,167.683,1.00066,0.99983,1.00021,0.999385,0.9996,1.10608
-165.863,0.973249,0.120265,3,7,0,167.65,1.00095,0.99951,1.00058,0.999794,0.99951,1.10744
-164.839,1,0.120265,3,15,0,167.387,1.00082,1.00043,0.999848,1.00072,1.0004,1.1359
-163.678,0.979288,0.120265,3,7,0,165.584,1.00112,0.999831,0.999478,0.999765,0.999753,1.12039
-164.52,0.87608,0.120265,3,7,0,166.772,1.00106,1.00023,1.00005,1.00089,0.999836,1.10946
-164.246,0.996993,0.120265,3,7,0,165.277,1.0011,1.00007,0.999957,0.999756,1.00031,1.09197
-164.115,0.998327,0.120265,5,31,0,165.512,0.999981,0.999664,0.99895,0.999142,0.999264,1.1607
-163.708,0.994669,0.120265,5,31,0,166.07,1.00139,1.00011,0.9995,1.00068,0.999972,1.05698
-165.153,0.886002,0.120265,3,7,0,166.116,1.00077,1.00096,0.999738,1.00023,0.999486,1.06467
-168.539,0.904665,0.120265,3,7,0,170.13,1.00234,0.999442,1.00071,1.00088,1.00062,1.05563
-164.496,1,0.120265,2,3,0,169.328,1.00118,1.00007,1.00013,1.00058,1.00073,1.07164
-162.62,0.995455,0.120265,3,7,0,164.829,1.00067,0.999741,0.999164,0.999697,0.999844,1.05166
-162.658,0.981087,0.120265,4,23,0,165.094,0.999359,0.998336,0.997346,0.998565,0.998414,0.949934
-163.338,0.999455,0.120265,4,31,0,164.783,0.998248,0.997578,0.99684,0.997401,0.996942,1.06663
-162.243,0.906335,0.120265,3,15,0,165.831,0.999041,0.998034,0.997837,0.998265,0.998373,1.05244
-166.366,0.918818,0.120265,4,15,0,167.872,0.997481,0.996402,0.996062,0.996771,0.996688,1.19621
-165.678,0.976234,0.120265,4,15,0,168.156,0.997224,0.996946,0.99579,0.996864,0.99658,1.14204
-163.684,0.9714,0.120265,4,15,0,167.811,0.998895,0.997427,0.996552,0.997926,0.997229,1.07556
-167.614,0.86279,0.120265,4,31,0,169.767,0.999443,0.997366,0.996481,0.998195,0.997637,1.23958
-166.371,0.988918,0.120265,3,7,0,169.643,0.998363,0.998046,0.998179,0.997638,0.997949,1.20305
-167.097,0.925038,0.120265,3,7,0,169.74,0.998407,0.998734,0.997879,0.998285,0.99711,1.18778
-163.764,0.989266,0.120265,5,31,0,169.908,1.00085,0.999602,0.999779,0.999651,0.999255,1.09445
-164.573,0.981856,0.120265,4,31,0,166.697,1.0013,1.00048,0.999562,1.00103,1.00051,1.02931
-165.812,0.78384,0.120265,4,23,0,170.651,0.997821,0.99805,0.996204,0.997217,0.997546,0.977781
-163.672,0.986113,0.120265,2,3,0,166.394,0.998318,0.997264,0.996639,0.997697,0.996891,0.972739
-165.152,0.840533,0.120265,2,3,0,165.935,0.998307,0.996881,0.996769,0.99806,0.996909,0.978254
-163.086,0.977098,0.120265,4,15,0,166.864,0.999187,0.998791,0.998411,0.998368,0.998298,0.947719
-163.089,0.975582,0.120265,3,15,0,164.328,1.00026,0.998478,0.998211,0.999269,0.998754,0.956463
-163.369,0.972474,0.120265,4,23,0,165.213,0.999075,0.997513,0.998129,0.998303,0.997844,1.02533
-164.346,0.978737,0.120265,3,15,0,168.208,1.00067,0.999361,0.999277,0.999945,0.999232,1.1714
-162.611,0.964255,0.120265,4,23,0,165.912,1.00037,0.999219,0.9988,0.999202,0.998603,0.999742
-162.094,0.947932,0.120265,3,7,0,163.931,1.00024,0.999301,0.998505,0.99913,0.99928,1.01939
-163.75,0.858273,0.120265,3,7,0,165.074,0.99907,0.998559,0.998924,0.998625,0.998258,1.04659
-162.754,0.957332,0.120265,3,15,0,166.396,1.00001,0.999713,0.998737,0.999137,0.998808,0.986458
-163.238,0.898646,0.120265,3,7,0,164.97,1.00089,0.999031,0.999146,0.999477,0.99955,0.981014
-162.625,0.997171,0.120265,4,15,0,163.68,1.00021,0.998417,0.998689,0.999136,0.998736,1.02406
-164.318,0.858927,0.120265,3,7,0,166.038,0.998683,0.998548,0.998407,0.998437,0.997699,0.984634
-162.159,0.876376,0.120265,2,7,0,168.044,0.999152,0.997881,0.997718,0.998187,0.997886,0.979946
-164.445,0.63777,0.120265,2,7,0,168.301,0.999892,0.998657,0.997364,0.999377,0.998153,0.980299
-164.145,0.99499,0.120265,3,15,0,166.276,0.998992,0.998445,0.998906,0.998447,0.998781,1.0401
-163.507,0.79855,0.120265,2,7,0,169.511,0.999745,0.998954,0.999503,0.999302,0.998922,1.01936
-162.785,0.963972,0.120265,3,15,0,166.876,1.00002,0.999703,0.998445,0.999174,0.998951,0.964179
-165.812,0.812004,0.120265,3,7,0,166.377,1.00014,0.999064,0.997601,0.999933,0.999247,0.966095
-163.801,0.927758,0.120265,3,7,0,169.555,0.999759,0.999382,0.999,0.998554,0.998545,1.01891
-162.3,0.977584,0.120265,3,7,0,165.279,0.999186,0.998847,0.997928,0.999004,0.998638,1.00473
-162.843,0.956445,0.120265,4,19,0,165.795,1.00022,0.998862,0.998726,0.998927,0.998696,0.937642
-164.175,0.799537,0.120265,2,3,0,165.825,1.00014,0.999167,0.99844,0.999931,0.999617,0.945776
-164.919,0.876902,0.120265,3,15,0,168.464,1.0004,0.999193,0.997972,0.998527,0.998638,0.927331
-165.376,0.968634,0.120265,3,7,0,167.772,0.999605,0.998769,0.999186,0.999813,0.998904,0.92424
-164.087,0.913936,0.120265,2,3,0,167.066,0.999599,0.999014,0.99875,0.999656,0.998574,0.924017
-166.118,0.74366,0.120265,2,7,0,169.77,0.999851,0.99795,0.998827,0.999524,0.998389,0.949772
-164.391,0.994904,0.120265,4,31,0,168.691,0.998062,0.996628,0.996806,0.997053,0.997341,0.990509
-163.531,0.941744,0.120265,4,15,0,166.037,1.00048,0.999678,0.998841,0.999255,0.99871,1.09552
-165.952,0.839524,0.120265,2,3,0,167.004,0.999984,1.00031,0.998441,0.999234,0.999866,1.09821
-164.082,1,0.120265,2,7,0,166.358,1.00058,0.999246,0.999258,0.999993,0.998899,1.12423
-163.007,0.998286,0.120265,4,31,0,166.039,1.00062,1.00004,0.999181,0.999562,0.999861,1.02864
-163.244,0.859765,0.120265,3,15,0,168.63,0.999227,0.998482,0.998233,0.999127,0.998016,1.08482
-163.819,0.81909,0.120265,3,15,0,169.004,0.998244,0.99801,0.997181,0.99739,0.997693,1.10004
-164.304,0.762643,0.120265,3,7,0,168.019,0.998899,0.997043,0.997133,0.998106,0.997529,1.11631
-164.067,0.932742,0.120265,3,7,0,166.987,0.999004,0.998279,0.998281,0.997781,0.998174,1.12105
-164.947,0.883413,0.120265,3,7,0,167.506,1.00027,0.9981,0.997644,0.999021,0.998642,1.14212
-163.815,0.973988,0.120265,2,7,0,166.225,0.999511,0.999285,0.997877,0.99882,0.99877,1.14574
-169.067,0.702135,0.120265,2,3,0,170.146,1.00082,0.998179,0.998048,1.00031,0.998804,1.1464
-167.216,1,0.120265,3,7,0,171.116,0.999507,0.999193,0.998591,0.997656,0.999085,1.13373
-165.707,0.973887,0.120265,3,15,0,169.481,0.999656,0.997638,0.99713,0.999125,0.99788,1.09556
-166.138,1,0.120265,3,15,0,167.888,0.997601,0.997807,0.997055,0.99671,0.997364,1.08525
-166.566,0.978982,0.120265,5,31,0,169.006,1.00088,0.99986,0.998714,1.00081,0.999072,1.15359
-164.059,0.997601,0.120265,2,3,0,166.942,1.00051,1.00007,0.999496,0.999947,0.999565,1.15364
-163.671,0.93351,0.120265,4,23,0,165.879,0.999848,0.998227,0.997447,0.99805,0.998231,0.951691
-162.554,0.931468,0.120265,2,3,0,165.111,0.998882,0.998179,0.997694,0.998182,0.998259,0.946368
-164.525,0.796023,0.120265,4,19,0,166.134,1.00094,0.99942,0.999242,0.999292,0.998957,1.13491
-164.077,0.993509,0.120265,5,31,0,165.874,0.999539,0.998215,0.997711,0.997696,0.997872,1.12338
-166.695,0.964805,0.120265,5,31,0,168.87,0.999888,0.998643,0.998822,0.999968,0.999222,0.88202
-165.706,1,0.120265,3,7,0,168.171,1.00027,0.998662,0.999036,0.999632,0.998917,0.874206
-164.463,0.848087,0.120265,3,7,0,169.575,0.99936,0.999156,0.997577,0.998482,0.998707,0.915501
-163.111,0.938793,0.120265,2,3,0,165.874,0.999105,0.998132,0.997844,0.998404,0.997894,0.912676
-162.398,0.966113,0.120265,3,15,0,164.884,1.00023,0.999077,0.998333,0.999526,0.998665,1.00052
-162.549,0.917175,0.120265,3,15,0,165.314,1.00038,0.999298,0.999174,0.999613,0.999681,1.05858
-163.302,0.918033,0.120265,3,11,0,164.9,1.0012,0.999942,0.999734,1.00015,0.999703,1.07917
-163.374,0.933446,0.120265,4,23,0,165.607,0.998756,0.997799,0.997254,0.997358,0.997237,0.99165
-162.565,0.872317,0.120265,5,31,0,166.12,1.00005,0.99892,0.998419,0.999359,0.998861,0.928393
-162.886,0.74319,0.120265,3,7,0,165.515,1.00019,0.999088,0.999055,0.999595,0.999452,0.941053
-164.701,0.855416,0.120265,5,31,0,166.345,0.998896,0.997416,0.997898,0.998338,0.998266,0.924182
-163.354,0.986317,0.120265,5,31,0,166.785,1.0005,1.00001,0.999046,1.00033,0.999917,1.00486
-164.067,0.754738,0.120265,3,7,0,167.889,1.00156,1.00032,0.999828,1.00017,0.999742,1.01191
-165.184,0.875837,0.120265,5,31,0,168.178,0.998249,0.996863,0.997349,0.997139,0.997089,1.14317
-164.047,0.947194,0.120265,5,31,0,167.759,1.00058,0.999695,0.998805,0.998881,0.999399,0.957359
-167.284,0.844957,0.120265,2,3,0,167.784,1.00023,0.999583,0.999334,1.00094,0.999267,0.942144
-166.838,0.814626,0.120265,2,3,0,172.751,0.999513,0.999239,0.999183,1.0003,0.998964,0.932515
-163,0.92597,0.120265,3,7,0,169.37,1.00114,0.999767,0.999452,1.00005,0.999614,0.981918
-164.451,0.66832,0.120265,3,15,0,169.561,0.999098,0.998178,0.998149,0.999463,0.998605,0.989205
-163.78,0.980271,0.120265,3,15,0,167.955,0.999581,0.999253,0.998587,0.999685,0.998659,1.12731
-163.639,0.977435,0.120265,5,31,0,167.254,0.99917,0.998939,0.997921,0.998293,0.998156,0.919673
-162.433,0.80168,0.120265,4,15,0,167.46,0.998981,0.998663,0.997355,0.998342,0.997903,1.02732
-165.222,0.820325,0.120265,3,15,0,166.994,0.999362,0.998293,0.99689,0.997418,0.997282,1.00962
-162.91,0.99452,0.120265,3,11,0,166.02,0.99853,0.997777,0.997825,0.998156,0.998064,1.02888
-165.044,0.840812,0.120265,3,7,0,166.568,0.999726,0.997523,0.996795,0.997652,0.997698,1.02234
-165.975,0.940082,0.120265,3,15,0,168.849,0.998295,0.999142,0.99806,0.999047,0.99829,1.01904
-164.402,1,0.120265,2,3,0,166.69,0.998602,0.999064,0.99766,0.99901,0.99805,1.0196
-165.331,0.913355,0.120265,3,7,0,168.037,0.999129,0.999112,0.997858,0.999866,0.99835,1.01364
-162.753,0.942975,0.120265,3,7,0,167.598,0.999448,0.999463,0.998394,0.998811,0.9987,1.02072
-165.005,0.868584,0.120265,3,15,0,170.917,1.0016,0.999655,0.999385,1.00058,1.0001,1.11208
-163.365,0.947246,0.120265,4,19,0,168.49,0.99893,0.997529,0.996472,0.99782,0.997595,0.999003
-162.081,0.908408,0.120265,4,23,0,167.887,0.999696,0.999208,0.998773,0.999156,0.998916,0.982614
-165.063,0.929834,0.120265,4,23,0,166.351,1.00092,1.00016,0.999886,1.00046,0.999445,1.164
-165.17,0.999703,0.120265,3,7,0,166.02,1.00088,0.999937,1.00017,1.00019,0.999941,1.18114
-164.473,0.962495,0.120265,5,31,0,166.933,0.998146,0.99755,0.996933,0.99682,0.997225,0.970285
-162.744,0.944552,0.120265,5,31,0,166.289,0.998832,0.998194,0.997099,0.998009,0.997822,0.944853
-164.207,0.834018,0.120265,5,31,0,166.476,0.99942,0.999051,0.998683,0.998837,0.998648,1.17498
-164.93,0.908188,0.120265,3,7,0,166.634,0.999897,0.99861,0.998609,0.998823,0.999628,1.15248
-165.701,0.957307,0.120265,5,31,0,167.376,0.99863,0.997277,0.996806,0.997501,0.998384,1.14385
-166.083,0.969687,0.120265,3,7,0,168.073,0.99842,0.997771,0.996494,0.997707,0.998451,1.13863
-165.927,0.895144,0.120265,3,7,0,171.382,0.998242,0.997855,0.998391,0.998371,0.997947,1.14847
-165.028,0.997653,0.120265,3,7,0,167.826,0.999945,0.9977,0.997467,0.997812,0.99817,1.12662
-167.136,0.8401,0.120265,3,7,0,169.356,0.997557,0.997893,0.99747,0.998465,0.997313,1.13904
-168.587,0.871858,0.120265,2,3,0,170.666,0.99744,0.997279,0.997898,0.998317,0.997418,1.14548
-171.071,0.847253,0.120265,3,7,0,176.959,0.998947,0.99741,0.995286,0.996054,0.997198,1.09531
-166.642,0.914735,0.120265,2,3,0,173.713,0.997547,0.996518,0.995927,0.997741,0.997215,1.08491
-165.198,0.980918,0.120265,5,31,0,170.892,1.0012,1.00002,0.999687,1.00023,1.00091,1.05376
-168.716,0.844641,0.120265,3,15,0,172.085,0.997703,0.999094,0.997133,0.99863,0.99825,1.09164
-168.619,0.952549,0.120265,3,11,0,173.203,1.00141,0.998182,0.999185,0.998781,0.998898,1.05704
-165.009,1,0.120265,3,15,0,170.892,0.998993,0.999115,0.997142,0.99917,0.998691,1.04067
-164.657,0.998597,0.120265,3,15,0,167.049,0.998991,0.999431,0.99762,0.999357,0.998518,1.04847
-166.534,0.949152,0.120265,3,15,0,170.543,1.00116,0.998879,0.999854,0.999415,1.00013,1.15013
-166.962,0.957188,0.120265,3,7,0,169.23,1.0005,1.00105,0.998717,1.00061,1.00006,1.08246
-163.945,0.995295,0.120265,3,15,0,168.323,1.00087,0.999205,0.999589,0.999277,0.999077,1.0584
-164.205,0.992531,0.120265,4,31,0,167.765,0.99987,0.999516,0.998374,0.999999,0.999355,0.946154
-167.774,0.762578,0.120265,3,7,0,169.478,1.00065,0.998699,0.999346,0.998257,0.999295,0.937308
-166.836,1,0.120265,3,7,0,168.934,1.00066,0.998292,0.999209,0.998563,0.999322,0.941643
-166.421,0.992438,0.120265,4,15,0,169.581,1.0016,0.999064,1.00019,0.99987,0.99965,1.03242
-165.36,0.840525,0.120265,3,7,0,171.233,0.999993,1.00015,0.998705,1.00045,0.998889,1.01834
-164.533,0.983609,0.120265,3,7,0,166.55,1.00091,0.999161,0.999145,0.99891,0.999836,1.04704
-164.364,0.985577,0.120265,3,7,0,166.052,0.99982,0.999668,0.998968,1.00027,0.99884,1.05519
-163.603,0.967199,0.120265,3,15,0,166.575,1.00047,0.9988,0.999279,0.99911,0.999666,1.01519
-164.996,0.839204,0.120265,3,15,0,169.493,1.0013,1.00072,0.999261,1.00081,0.999725,1.00029
-164.071,0.979359,0.120265,4,23,0,166.631,0.997868,0.997232,0.996776,0.997272,0.997664,1.00354
-162.215,0.871188,0.120265,4,23,0,169.282,0.999787,0.999218,0.998607,0.999509,0.998686,0.998173
-163.388,0.884122,0.120265,3,15,0,165.352,0.99953,0.997883,0.998631,0.998437,0.998473,0.993169
-163.655,0.909374,0.120265,3,7,0,165.751,0.998778,0.998971,0.99827,0.998574,0.997972,1.01621
-162.972,0.795167,0.120265,3,11,0,168.213,1.00041,0.998537,0.998108,0.999039,0.99898,0.992662
-162.885,0.972328,0.120265,3,15,0,164.593,0.998625,0.997775,0.997374,0.998511,0.997951,1.00162
-163.843,0.991462,0.120265,4,31,0,164.849,0.998193,0.997379,0.996665,0.99812,0.997158,1.06354
-164.68,0.859335,0.120265,3,7,0,167.571,0.998266,0.997014,0.996718,0.99806,0.997097,1.11557
-167.289,0.822328,0.120265,3,15,0,170.971,0.999645,0.997123,0.997225,0.997306,0.998576,1.11709
-165.13,1,0.120265,3,15,0,169.195,0.99919,0.997315,0.997355,0.99805,0.998523,1.14773
-163.487,0.99859,0.120265,4,23,0,165.712,0.999475,0.998906,0.998705,0.998635,0.998004,0.994439
-162.666,0.993715,0.120265,2,7,0,163.985,0.999245,0.998819,0.99864,0.99868,0.998347,0.989098
-162.443,0.979236,0.120265,4,23,0,164.631,1.00004,0.998965,0.998096,0.998992,0.999243,1.02895
-162.443,0.99884,0.120265,3,15,0,162.997,0.999976,0.999076,0.998227,0.998989,0.999324,1.02212
-163.705,0.813889,0.120265,3,7,0,165.791,0.999409,0.998389,0.998445,0.999584,0.998473,1.04587
-164.206,0.862612,0.120265,4,23,0,168.253,1.00114,0.999308,0.998708,0.999343,0.998916,1.0315
-165.89,0.821892,0.120265,3,15,0,170.217,0.999181,0.998368,0.998355,0.997274,0.998415,1.01929
-162.61,0.998576,0.120265,3,15,0,167.721,0.999893,0.998821,0.99857,0.999714,0.998866,1.00864
-165.613,0.749308,0.120265,3,15,0,169.25,1.00019,0.999352,0.998345,0.997971,0.998663,1.08754
-165.799,0.969791,0.120265,3,15,0,168.843,0.999147,0.998733,0.99796,1.00001,0.99864,1.02683
-162.571,0.998042,0.120265,3,15,0,167.635,0.999505,0.99827,0.998295,0.998931,0.998063,1.00371
-162.874,0.985685,0.120265,3,15,0,164.256,1.00023,0.999452,0.998481,0.998966,0.999351,0.969012
-163.597,0.989825,0.120265,5,31,0,164.959,1.00047,0.99954,0.999674,1.00029,0.999454,1.08642
-165.363,0.887411,0.120265,3,7,0,166.753,0.999839,1.00041,0.998949,1.0003,0.99932,1.09911
-162.216,0.817664,0.120265,3,7,0,169.248,1.00045,0.999293,0.998893,0.999308,0.999143,1.06446
-164.158,0.85138,0.120265,2,3,0,164.743,1.0004,0.99881,0.999818,0.999397,0.999298,1.05785
-165.339,0.955196,0.120265,5,31,0,167.911,0.999728,0.999461,0.997886,0.999902,0.998751,0.929336
-166.03,1,0.120265,3,7,0,167.164,0.99996,0.998678,0.99956,0.998998,0.99919,0.898229
-164.659,0.930789,0.120265,3,15,0,168.145,0.999957,0.998944,0.998396,0.998544,0.99936,0.910765
-165.185,0.991127,0.120265,5,31,0,167.358,0.999228,0.998434,0.996987,0.997482,0.997619,1.15005
-162.977,0.921044,0.120265,3,7,0,167.49,0.999107,0.998205,0.998059,0.998817,0.99831,1.1105
-163.33,0.924897,0.120265,3,7,0,165,0.998916,0.998061,0.997587,0.998469,0.997461,1.10032
-163.375,0.985784,0.120265,3,15,0,164.699,0.999192,0.997891,0.997898,0.998413,0.997551,1.09207
-162.952,0.976545,0.120265,4,31,0,164.385,0.999947,0.998795,0.998806,0.999451,0.998703,1.10438
-163.619,0.764995,0.120265,3,7,0,167.135,0.999728,0.999117,0.998418,0.999537,0.999512,1.09949
-162.4,0.984781,0.120265,4,23,0,165.085,0.999285,0.998246,0.998096,0.998702,0.99874,0.977044
-166.139,0.91312,0.120265,4,15,0,167.932,1.0023,1.00104,1.00056,1.00136,1.00053,1.12343
-165.497,0.992256,0.120265,3,7,0,167.229,1.00172,1.00103,0.999752,1.0009,1.00075,1.11855
-163.829,0.9893,0.120265,5,31,0,166.883,0.998794,0.998046,0.996697,0.998,0.997462,1.13181
-164.499,0.968807,0.120265,5,31,0,166.374,1.00061,1.00035,0.998766,0.99994,0.99983,0.944084
-163.603,0.985527,0.120265,4,31,0,166.337,0.999759,0.999801,0.998162,0.999057,0.998987,1.08681
-163.73,0.990826,0.120265,3,15,0,165.172,0.999661,0.999631,0.998025,0.999444,0.999108,1.09716
-163.989,0.88498,0.120265,3,15,0,169.437,0.998699,0.99691,0.997245,0.997687,0.997281,1.08515
-162.561,0.954698,0.120265,4,23,0,166.881,1.00017,0.998565,0.998886,0.998987,0.999098,1.0003
-163.911,0.936589,0.120265,3,15,0,165.19,1.00035,1.00047,0.999031,0.999989,0.999853,1.04278
-165.937,0.833926,0.120265,4,31,0,169.279,1.00014,0.997925,0.998126,0.998774,0.999468,0.968247
-164.387,1,0.120265,3,7,0,167.176,0.998679,0.999201,0.997952,0.998469,0.997918,1.0008
-165.812,0.913229,0.120265,3,7,0,168.602,0.999249,0.997339,0.998576,0.997937,0.998597,0.998176
-165.019,0.995623,0.120265,3,15,0,167.866,1.00005,0.999972,0.997882,0.999682,0.99871,0.971671
-166.481,0.800812,0.120265,3,15,0,170.134,1.00061,0.998168,0.999729,0.999338,0.99911,1.00132
-166.619,0.99919,0.120265,3,7,0,167.773,0.999898,1.00016,0.997613,0.999144,0.998731,0.960158
-163.609,0.93544,0.120265,2,3,0,168.412,0.999432,0.998602,0.998948,0.999317,0.998733,0.954883
-162.524,0.853084,0.120265,3,7,0,167.227,1.00001,0.999615,0.998417,0.998999,0.999068,1.01488
-162.774,0.920008,0.120265,4,23,0,166.644,0.99922,0.998004,0.99788,0.99876,0.998005,0.955846
-161.998,0.944995,0.120265,4,23,0,165.088,0.99951,0.999138,0.998233,0.998776,0.998572,1.02171
-162.954,0.994909,0.120265,4,23,0,163.808,1.00095,1.00011,0.99955,1,0.999761,0.969786
-166.328,0.719964,0.120265,2,7,0,168.304,0.999991,0.999035,0.999882,1.00024,0.998955,0.982515
-164.481,0.98709,0.120265,2,7,0,167.308,1.00011,0.999138,0.999913,0.999678,0.999051,0.990618
-165.052,0.989654,0.120265,3,7,0,166.719,1.00118,1.00015,0.998759,1.00066,0.999775,0.976083
-163.523,0.998987,0.120265,3,7,0,165.887,1.00001,0.999417,0.999552,0.999186,0.999416,0.976007
-163.106,0.992147,0.120265,4,23,0,164.738,0.999775,0.997977,0.998391,0.999006,0.9985,1.05875
-164.274,0.909331,0.120265,3,15,0,166.644,0.998549,0.998777,0.997203,0.997821,0.998085,1.08839
-166.037,0.814234,0.120265,3,7,0,169.109,1.00017,0.997481,0.99808,0.999001,0.998171,1.11106
-163.65,0.988025,0.120265,2,7,0,166.986,0.999882,0.998629,0.997967,0.998869,0.997929,1.11844
-166.557,0.962209,0.120265,4,15,0,168.547,1.00195,1.00129,1.00006,1.00148,1.00039,1.14065
-164.555,0.947283,0.120265,3,7,0,168.627,1.00131,1.00027,0.999663,1.00037,1.00036,1.14855
-162.4,0.987853,0.120265,4,23,0,166.991,0.998893,0.997768,0.997781,0.998274,0.9979,1.04899
-162.374,0.942642,0.120265,3,15,0,163.811,0.999724,0.998231,0.997861,0.99867,0.998007,1.01667
-162.7,0.769699,0.120265,3,15,0,167.65,0.999986,0.999798,0.999118,0.999476,0.999443,1.01324
-162.75,0.994714,0.120265,4,23,0,163.732,0.99884,0.998354,0.997181,0.998289,0.99759,0.972889
-165.47,0.930907,0.120265,4,15,0,166.46,0.99949,0.999179,0.997381,0.998966,0.998153,0.894316
-164.448,0.93778,0.120265,4,15,0,168.317,0.999056,0.998627,0.996468,0.99811,0.997876,1.01541
-168.168,0.852266,0.120265,3,15,0,170.939,1.00063,0.998591,1.00051,0.999128,0.999281,1.10815
-165.554,0.945351,0.120265,3,15,0,172.194,1.00082,0.999582,0.999536,1.00076,1.00054,1.08002
-162.547,0.872136,0.120265,2,7,0,168.288,1.0004,0.999709,0.999172,1.00003,0.999454,1.06252
-162.8,0.927169,0.120265,3,15,0,164.583,1.00019,0.999892,0.999069,0.999601,0.999038,1.06184
-162.793,0.984126,0.120265,4,31,0,164.364,0.998942,0.998372,0.997923,0.998291,0.998214,1.10968
-164.267,0.904558,0.120265,4,31,0,165.797,0.998785,0.997565,0.996829,0.996878,0.997234,1.03341
-164.382,0.912871,0.120265,3,7,0,166.582,0.999115,0.998687,0.997152,0.997681,0.997476,0.996053
-162.207,0.855169,0.120265,2,3,0,167.272,0.998649,0.997856,0.99711,0.997956,0.997807,1.00102
-163.497,0.890528,0.120265,2,7,0,164.019,0.998408,0.998221,0.99743,0.998635,0.997669,1.00723
-164.538,0.846663,0.120265,3,15,0,167.046,0.998953,0.997205,0.997245,0.997427,0.998274,0.990701
-163.751,0.999192,0.120265,5,31,0,165.758,0.999457,0.999162,0.997927,0.999344,0.998144,1.10656
-163.583,0.963191,0.120265,3,15,0,165.971,0.998825,0.997782,0.997931,0.998814,0.997816,1.01429
-165.204,0.968142,0.120265,3,15,0,168.272,0.998028,0.997207,0.996069,0.996393,0.997098,1.01697
-165.57,0.995925,0.120265,3,7,0,167.003,0.99838,0.996899,0.995857,0.996429,0.996831,1.01196
-162.64,0.97746,0.120265,3,7,0,166.841,0.998938,0.997411,0.997189,0.997849,0.99788,1.00408
-162.914,0.894154,0.120265,4,31,0,165.635,0.998943,0.99827,0.99786,0.998394,0.997799,0.933615
-165.049,0.866319,0.120265,5,31,0,167.07,1.00094,1.00008,0.99866,0.999786,1.00016,1.12821
-163.282,0.999388,0.120265,4,23,0,165.701,0.999867,0.998776,0.997594,0.998432,0.99899,1.02167
-162.774,0.972607,0.120265,4,19,0,164.845,0.99938,0.998161,0.998184,0.998942,0.99815,0.962655
-165.031,0.796407,0.120265,3,7,0,166.28,0.999336,0.998687,0.997203,0.999274,0.998877,0.967187
-163.772,0.931469,0.120265,3,7,0,169.352,0.998555,0.99751,0.997365,0.997644,0.997831,0.919661
-167.807,0.650626,0.120265,2,7,0,170.02,0.999953,0.997564,0.997635,0.997328,0.997685,0.944323
-169.753,0.886166,0.120265,3,7,0,173.619,0.998575,0.99873,0.9982,0.999806,0.997687,0.950739
-166.328,0.9873,0.120265,3,7,0,172.453,0.999535,0.997867,0.997469,0.996961,0.997891,0.993919
-163.416,1,0.120265,4,23,0,166.945,1.00044,0.999085,0.999305,0.999752,0.999689,1.10569
-163.858,0.882262,0.120265,3,7,0,166.028,1.00089,1.00008,0.998643,0.999564,0.999361,1.08752
-162.923,0.963122,0.120265,3,7,0,165.025,1.00011,0.999758,0.999059,0.99933,0.999351,1.0897
-162.15,0.967338,0.120265,5,31,0,164.17,1,0.999125,0.999089,0.999505,0.999022,1.01056
-161.755,0.994155,0.120265,3,15,0,162.761,0.999644,0.998807,0.997855,0.998769,0.998577,1.01544
-162.407,0.919785,0.120265,4,23,0,163.299,0.99944,0.998368,0.998308,0.998285,0.998708,1.03642
-162.614,0.994395,0.120265,3,15,0,162.929,0.999544,0.998767,0.997648,0.999047,0.998118,1.05476
-165.149,0.715465,0.120265,3,7,0,167.852,0.999305,0.999063,0.998251,0.998884,0.999706,1.0398
-164.035,0.999989,0.120265,3,15,0,167.216,1.00106,0.999633,0.999514,1.00042,0.999259,0.992141
-162.799,0.962747,0.120265,2,3,0,165.026,1.00082,0.999834,0.999695,0.999918,0.999523,0.990625
-161.939,0.859823,0.120265,4,23,0,168.188,0.999336,0.998104,0.997549,0.998365,0.998336,1.01482
-163.233,0.775604,0.120265,3,7,0,165.645,0.998654,0.998592,0.997729,0.998314,0.998551,1.01618
-163.477,0.950811,0.120265,3,11,0,168.994,1.0011,0.9997,0.999235,1.00014,0.999287,0.980673
-162.726,0.971986,0.120265,4,15,0,164.946,0.999929,0.998261,0.997649,0.998799,0.998494,1.06152
-163.137,0.929509,0.120265,3,15,0,166.436,1.00028,0.998902,0.999403,0.999116,0.998883,1.02708
-168.154,0.890567,0.120265,5,31,0,170.773,1.00046,0.999113,0.997538,0.999212,0.998506,0.860764
-165.269,0.86379,0.120265,4,31,0,171.881,0.99932,0.998327,0.997034,0.999151,0.998893,1.00857
-162.736,1,0.120265,3,7,0,165.386,0.999462,0.998685,0.998467,0.998476,0.998006,1.02388
-165.983,0.923155,0.120265,4,23,0,169.674,0.999619,0.998026,0.997482,0.998017,0.99782,0.863337
-168.94,0.49301,0.120265,5,31,0,176.198,1.00215,0.999922,0.999098,1.00048,0.999194,1.16456
-168.786,0.986333,0.120265,4,23,0,175.031,0.999695,0.999727,1.00039,0.999908,1.00045,1.05017
-166.125,0.99083,0.120265,3,15,0,170.285,1.00068,0.999091,0.997487,0.999173,0.998148,1.03783
-162.599,1,0.120265,3,15,0,166.836,1.00018,0.998927,0.997895,0.998945,0.999058,1.0174
-166.594,0.716869,0.120265,3,7,0,170.148,0.999576,0.999563,0.999618,1.00032,0.999581,0.96153
-164.373,0.98037,0.120265,3,7,0,168.548,1.00089,1.00002,0.999335,0.999389,0.999367,0.934526
-163.245,0.858507,0.120265,3,7,0,166.178,1.00027,0.999403,0.999091,0.999949,0.999328,0.925762
-165.289,0.667284,0.120265,2,3,0,167.441,1.00117,0.999582,0.999029,0.999237,0.99941,0.91853
-165.229,0.892932,0.120265,3,11,0,170.324,0.999031,0.999307,0.998631,0.999543,0.998928,0.941271
-164.896,0.912912,0.120265,3,15,0,168.428,1.00003,0.998742,0.997906,0.998121,0.997943,0.945185
-162.895,0.914281,0.120265,4,19,0,167.339,0.999727,0.998451,0.997634,0.997975,0.998248,1.03675
-163.575,0.979802,0.120265,3,15,0,164.997,0.99821,0.997747,0.996834,0.998314,0.997515,1.02995
-164.527,0.889443,0.120265,4,23,0,167.741,1.00061,0.999646,0.998558,1.00051,0.999788,1.01106
-167.446,0.962073,0.120265,4,31,0,170.025,1.00146,1.00124,0.9996,1.00019,0.999648,1.17424
-165.462,1,0.120265,3,7,0,168.378,1.00042,0.999604,0.999545,1.00074,0.999759,1.15197
-164.623,0.998157,0.120265,2,7,0,166.143,1.00138,1.00013,0.999845,1.00026,0.999982,1.1595
-162.406,0.972259,0.120265,5,31,0,166.116,0.999315,0.998457,0.997741,0.998809,0.998098,0.946957
-163.245,0.832475,0.120265,4,23,0,165.923,1.00021,0.998963,0.998049,0.999555,0.998401,1.03231
-163.682,0.940012,0.120265,3,7,0,165,1.00029,0.998902,0.997841,0.999435,0.998323,1.04354
-163.492,0.838292,0.120265,3,7,0,168.234,0.999173,0.998287,0.998635,0.99915,0.998731,0.9953
-162.968,1,0.120265,2,7,0,163.791,0.999291,0.998449,0.998721,0.99898,0.998875,0.993837
-163.778,0.706211,0.120265,3,7,0,168.345,1.00064,0.99984,0.998403,0.999347,0.998826,0.988191
-162.749,0.850479,0.120265,3,7,0,167.449,0.999659,0.998217,0.998162,0.998102,0.998587,0.987832
-163.067,0.967534,0.120265,4,23,0,164.775,0.999958,0.99934,0.997839,0.998884,0.998914,1.08105
-171.082,0.637523,0.120265,2,7,0,172.425,1.00095,1.00046,0.997346,0.998841,0.99939,1.0646
-166.428,0.988402,0.120265,2,7,0,172.982,1.0003,0.998897,1.00044,0.999872,0.999589,1.06149
-165.621,0.768121,0.120265,2,7,0,172.306,1.00063,1.00035,0.999641,1.00064,0.998954,1.04633
-163.53,1,0.120265,3,15,0,168.059,1.00019,0.999526,0.998501,0.998717,0.999442,1.03563
-164.463,0.804009,0.120265,4,23,0,169.346,0.998839,0.997006,0.99672,0.99769,0.998018,0.990938
-165.454,0.971095,0.120265,3,7,0,166.475,0.998373,0.99764,0.997683,0.997172,0.996908,0.983603
-163.687,0.965095,0.120265,3,7,0,166.922,0.998448,0.997437,0.996305,0.997953,0.997265,0.998819
-168.397,0.747635,0.120265,5,31,0,171.144,0.99869,0.99929,0.998357,0.997936,0.997959,1.23962
-163.048,0.97312,0.120265,5,31,0,170.575,0.999402,0.997585,0.997314,0.99823,0.998022,0.973141
-162.731,0.861725,0.120265,3,7,0,165.064,0.998814,0.998035,0.997424,0.998286,0.99746,0.972167
-162.731,0.61978,0.120265,2,7,0,170.391,0.998814,0.998035,0.997424,0.998286,0.99746,0.972167
-162.254,0.995071,0.120265,5,31,0,163.116,1.00044,0.999275,0.998821,0.999395,0.999472,0.975083
-167.169,0.613735,0.120265,2,3,0,167.728,1.00046,0.999406,0.999692,0.998492,0.998679,0.981854
-165.936,1,0.120265,3,7,0,168.93,1.00047,0.999151,0.999705,0.998557,0.999278,0.974287
-165.02,0.975707,0.120265,4,31,0,168.9,1.00049,1.00088,0.999518,0.999845,0.999773,1.0237
-164.439,0.980932,0.120265,4,23,0,167.574,0.999025,0.999229,0.997551,0.998892,0.998555,1.13599
-164.208,0.902592,0.120265,3,7,0,167.72,1.00014,0.998122,0.998485,0.998664,0.998258,1.12578
-164.945,0.940211,0.120265,3,11,0,167.43,0.998422,0.99854,0.997059,0.998155,0.997945,1.1706
-165.339,0.705823,0.120265,3,7,0,172.033,0.999183,0.997733,0.996795,0.998506,0.99795,1.18677
-164.572,0.999503,0.120265,3,7,0,165.9,0.999186,0.998808,0.998626,0.998282,0.998483,1.162
-165.086,0.963718,0.120265,5,31,0,167.302,0.997538,0.997043,0.996761,0.996622,0.997034,1.09694
-165.141,0.844367,0.120265,4,15,0,168.536,0.998798,0.998079,0.997553,0.99812,0.99691,1.13141
-163.515,0.987755,0.120265,5,31,0,167.008,0.999774,0.998196,0.997474,0.998455,0.997821,0.952637
-162.609,0.96381,0.120265,2,3,0,164.341,0.999124,0.998362,0.997979,0.998192,0.9985,0.951427
-162.749,0.94883,0.120265,5,31,0,164.804,0.999144,0.997753,0.997544,0.997834,0.997763,1.08273
-161.881,0.992058,0.120265,3,15,0,168.145,0.999707,0.998989,0.998385,0.999203,0.998931,0.976524
-162.644,0.934909,0.120265,3,15,0,163.866,1.00025,0.999316,0.998479,0.99873,0.998973,1.00135
-163.039,0.949843,0.120265,3,15,0,165.518,0.999959,0.999048,0.998349,0.999899,0.999002,1.05132
-164.82,0.888367,0.120265,3,15,0,167.968,0.999781,0.998795,0.997482,0.997754,0.997891,1.07362
-164.942,0.966974,0.120265,2,7,0,167.73,0.999523,0.998912,0.997151,0.999406,0.99887,1.07925
-164.287,0.956942,0.120265,2,7,0,167.484,0.999185,0.997834,0.998792,0.998427,0.998385,1.08967
-162.772,0.956289,0.120265,3,15,0,166.924,0.998629,0.998244,0.997071,0.997983,0.997408,1.03335
-164.223,0.897985,0.120265,3,7,0,164.772,0.999272,0.998036,0.99671,0.99825,0.99722,1.03619
-162.678,0.993803,0.120265,5,31,0,168.3,1.00005,0.999348,0.999145,0.99926,0.999151,1.09229
-163.522,0.931868,0.120265,5,31,0,165.267,0.999855,0.998711,0.997837,0.999598,0.998507,0.974171
-162.45,1,0.120265,3,15,0,164.041,0.998876,0.99819,0.99795,0.998308,0.997991,0.959434
-162.997,0.849358,0.120265,2,3,0,164.027,0.998873,0.998403,0.997758,0.997977,0.998387,0.959626
-162.992,0.962114,0.120265,5,31,0,165.033,0.998861,0.998147,0.997553,0.998047,0.998386,1.09849
-163.006,0.957217,0.120265,3,15,0,164.767,0.999094,0.997878,0.997996,0.9982,0.997594,1.06167
-162.964,0.989648,0.120265,3,7,0,163.889,0.998749,0.997762,0.997459,0.998432,0.997544,1.06738
-167.357,0.766881,0.120265,3,7,0,168.957,0.998573,0.998304,0.998924,0.998255,0.997417,1.129
-163.252,1,0.120265,3,7,0,167.634,0.99983,0.998724,0.997668,0.998227,0.998126,1.08574
-162.646,0.850487,0.120265,3,15,0,167.191,0.999643,0.99864,0.997706,0.999125,0.998599,1.08344
-166.356,0.888345,0.120265,3,15,0,167.707,1.00027,0.999764,0.999752,0.999057,0.998862,1.18511
-164.764,1,0.120265,3,7,0,167.53,1.0003,0.998808,0.998713,0.998941,0.999651,1.16226
-165.488,0.919062,0.120265,3,7,0,167.05,1.00067,0.998845,0.998556,0.999316,0.998394,1.17715
-167.466,0.806574,0.120265,2,7,0,170.339,0.99903,0.998333,0.998588,0.999031,0.999668,1.16786
-169.998,0.913149,0.120265,2,3,0,170.484,0.998789,0.998498,0.998772,0.999093,1.00001,1.16548
-165.546,0.999784,0.120265,3,7,0,170.433,0.999775,0.998475,0.997569,0.999065,0.999527,1.11269
-165.968,1,0.120265,3,7,0,168.765,1.00049,0.999854,0.997857,0.998984,0.998493,1.13983
-163.485,1,0.120265,2,3,0,165.968,1.00005,0.999477,0.998087,0.999047,0.998946,1.12878
-167.138,0.973135,0.120265,5,31,0,170.367,0.999303,0.998391,0.997319,0.998299,0.997805,0.826139
-167.316,0.705654,0.120265,4,15,0,173.873,0.997884,0.997431,0.995994,0.996463,0.996409,0.926287
-166.474,1,0.120265,2,3,0,168.401,0.997372,0.997156,0.996153,0.996802,0.997161,0.925919
-165.318,0.996971,0.120265,3,7,0,167.19,0.998178,0.996781,0.996036,0.997375,0.997044,0.928257
-165.341,0.706527,0.120265,4,15,0,170.727,0.998562,0.997581,0.995734,0.997723,0.997599,1.03508
-163.357,1,0.120265,3,7,0,165.943,0.998291,0.998005,0.99758,0.997777,0.997333,1.0191
-165.371,0.917543,0.120265,4,31,0,167.59,1.001,1.00075,1.00017,1.00013,0.999561,1.11754
-165.011,1,0.120265,3,7,0,166.516,1.00101,1.00056,0.999904,1.00086,0.99971,1.13327
-167.346,0.840377,0.120265,5,31,0,170.859,0.998381,0.997695,0.996579,0.996834,0.99785,1.22863
-162.966,0.991725,0.120265,4,31,0,168.042,0.999235,0.998486,0.998135,0.998326,0.998834,1.08585
-162.167,0.79503,0.120265,3,7,0,167.088,0.999561,0.998605,0.998049,0.99873,0.998011,1.03571
-165.372,0.916308,0.120265,4,15,0,166.024,1.00065,1.00089,0.999464,1.0008,1.00024,1.09819
-167.699,0.936868,0.120265,5,31,0,170.029,0.997664,0.996605,0.997668,0.99713,0.997692,1.14077
-167.353,0.942208,0.120265,3,15,0,173.311,0.998099,0.996699,0.996233,0.996322,0.996192,1.1971
-170.035,0.942205,0.120265,4,31,0,172.418,0.999123,0.998194,0.999044,0.997982,0.997626,1.29743
-166.027,0.994495,0.120265,4,31,0,173.302,1.00197,1.00117,1.00083,1.00084,1.00026,1.09137
-164.389,1,0.120265,4,15,0,167.085,1.00056,0.999424,0.999199,0.999201,0.998817,1.15393
-163.874,0.981603,0.120265,3,7,0,165.739,0.999787,0.999282,0.99812,0.999562,0.999307,1.12766
-163.907,0.979683,0.120265,5,31,0,165.816,0.999304,0.999395,0.997577,0.998787,0.998373,0.956807
-165.06,0.705857,0.120265,3,7,0,168.528,0.999449,0.998316,0.997929,0.998068,0.997229,0.97583
-165.622,0.911977,0.120265,2,7,0,168.461,0.998747,0.996899,0.997106,0.998306,0.998123,0.978547
-165.768,0.907257,0.120265,5,31,0,173.209,0.997926,0.996052,0.995947,0.996426,0.996665,1.10473
-165.799,0.96761,0.120265,3,7,0,167.437,0.997898,0.997879,0.995807,0.997183,0.997037,1.13288
-167.695,0.950697,0.120265,3,7,0,169.383,0.997215,0.996171,0.996637,0.996801,0.995855,1.13171
-168.141,0.918535,0.120265,3,7,0,170.539,0.998676,0.997989,0.996002,0.99651,0.997639,1.14152
-165.756,0.901106,0.120265,3,15,0,173.338,0.999584,0.998429,0.999163,0.999653,0.998306,1.12852
-164.174,0.937357,0.120265,4,23,0,169.168,1.00027,0.999147,0.999767,0.999738,0.998891,0.994988
-163.896,0.998511,0.120265,4,23,0,167.002,0.999544,0.998977,0.99723,0.99829,0.998681,1.07067
-163.485,0.980078,0.120265,3,15,0,165.668,0.998711,0.997884,0.997772,0.99844,0.997516,1.09669
-163.257,0.963355,0.120265,5,31,0,166.2,0.998496,0.997911,0.996729,0.997328,0.997306,0.995204
-165.134,0.880647,0.120265,4,15,0,167.807,0.997951,0.996887,0.996053,0.997407,0.99628,1.08261
-165.419,0.983378,0.120265,4,15,0,167.081,0.997919,0.996406,0.996222,0.996673,0.997262,1.11294
-166.982,0.805158,0.120265,4,23,0,172.064,1.00232,1.00134,0.999838,1.00139,1.00075,1.11604
-164.128,0.994523,0.120265,3,15,0,168.314,1.00105,1.00068,0.999889,1.00047,0.999896,1.10366
-163.535,0.95787,0.120265,4,15,0,165.499,0.999596,0.999633,0.998336,0.999173,0.998502,1.10277
-164.145,0.994675,0.120265,3,15,0,164.426,1.00013,0.998184,0.998701,0.999002,0.999162,1.12564
-163.427,0.852355,0.120265,4,23,0,168.846,0.998978,0.998193,0.996584,0.997903,0.9975,1.0038
-166.54,0.818929,0.120265,4,23,0,167.868,0.999794,0.998201,0.999465,0.999192,0.998062,1.03289
-163.175,0.934363,0.120265,3,7,0,169.422,0.999571,0.999308,0.998323,0.998369,0.998607,1.0536
-165.885,0.829219,0.120265,3,7,0,166.782,0.999734,0.99814,0.998073,0.999861,0.999209,1.05369
-171.169,0.932925,0.120265,3,15,0,172.681,1.00043,0.998094,0.999296,1.00028,1.00003,0.938946
-168.022,1,0.120265,2,3,0,171.242,1.00054,0.99851,0.999268,1.00035,0.999915,0.940944
-167.331,0.818804,0.120265,3,7,0,174.85,1.00035,1.00034,0.999265,0.998733,0.999073,0.955917
-164.466,0.980212,0.120265,2,7,0,169.667,0.999857,0.999229,0.999717,0.999273,0.998845,0.973221
-163.959,0.889441,0.120265,2,7,0,167.564,1.00067,1.00013,0.998486,0.999842,0.999281,0.964278
-166.481,0.762842,0.120265,4,31,0,168.772,1.00016,0.999894,0.998593,1.00055,1.00027,1.06428
-166.874,0.972716,0.120265,4,23,0,168.53,0.999216,0.998414,0.996897,0.997838,0.996671,1.10585
-162.998,0.978703,0.120265,3,7,0,168.479,0.999387,0.998309,0.997261,0.998629,0.99771,1.0675
-168.477,0.571717,0.120265,3,7,0,172.391,0.999126,0.998666,0.99855,0.998914,1.00011,1.03308
-162.954,0.991133,0.120265,3,15,0,171.31,0.999942,0.999553,0.998845,0.998877,0.998719,0.991489
-164.632,0.793668,0.120265,3,7,0,166.561,1.00008,0.998632,0.998252,0.999277,0.999744,0.974316
-163.607,1,0.120265,3,7,0,165.26,0.999436,0.999147,0.998272,0.999644,0.999181,0.981658
-163.456,0.979492,0.120265,2,7,0,164.939,1.00009,0.999406,0.998067,0.999322,0.998279,0.990695
-162.81,0.996183,0.120265,3,15,0,165.045,0.999511,0.999075,0.998648,0.998845,0.999094,0.958615
-163.159,0.840473,0.120265,2,7,0,166.485,0.999687,0.999531,0.998013,0.999089,0.998631,0.955407
-162.722,0.837668,0.120265,2,3,0,165.683,0.999721,0.99937,0.998696,0.999417,0.998688,0.953378
-162.17,0.986584,0.120265,3,15,0,163.469,1.00014,0.998711,0.99827,0.998808,0.998918,0.981615
-162.002,0.908797,0.120265,3,15,0,163.788,0.999154,0.998642,0.998057,0.99889,0.998395,1.00632
-161.688,0.980856,0.120265,3,15,0,163.25,0.999276,0.99833,0.997801,0.998526,0.998371,1.00216
-163.136,0.725543,0.120265,3,15,0,166.321,0.998704,0.997624,0.997524,0.998472,0.998196,1.03673
-163.447,0.975173,0.120265,3,15,0,164.552,0.999767,0.999047,0.998006,0.998349,0.998001,1.065
-164.359,0.980763,0.120265,4,23,0,165.354,0.99942,0.997886,0.998129,0.997594,0.997672,1.00387
-167.231,0.885194,0.120265,3,7,0,168.324,0.999964,0.998394,0.996429,0.997718,0.997703,1.04723
-166.04,0.978021,0.120265,3,15,0,171.592,0.997583,0.997126,0.997322,0.997936,0.997474,0.984589
-164.243,0.877106,0.120265,3,7,0,170.153,0.999342,0.998108,0.996956,0.997499,0.997548,0.97311
-165.226,0.997468,0.120265,4,15,0,167.584,0.99995,0.999579,0.998325,0.998784,0.998462,0.894061
-165.464,0.974366,0.120265,5,31,0,166.664,1.00047,0.999185,0.999051,0.998632,0.998785,1.18258
-164.058,0.990563,0.120265,5,31,0,167.419,0.999347,0.99758,0.997815,0.998793,0.998481,0.96241
-163.046,0.98086,0.120265,3,15,0,164.946,0.998792,0.998911,0.997722,0.998547,0.998372,0.989891
-163.609,0.939021,0.120265,4,23,0,167.887,0.998568,0.997279,0.99766,0.998257,0.997806,1.01716
-167.823,0.861824,0.120265,4,23,0,169.703,1.00137,1.00019,1.00103,1.00172,1.0004,1.08988
-167.106,1,0.120265,3,7,0,169.647,1.00207,1.00153,1.00014,1.00121,1.00127,1.14293
-164.203,0.996127,0.120265,4,15,0,168.548,0.999675,0.999207,0.99813,0.998711,0.999109,1.16236
-165.488,0.956451,0.120265,5,31,0,167.103,0.998839,0.997671,0.997073,0.997057,0.997222,0.916639
-164.368,1,0.120265,2,3,0,165.833,0.998299,0.997463,0.997066,0.998008,0.997774,0.914882
-162.486,0.858924,0.120265,5,31,0,167.181,0.99935,0.998189,0.997715,0.998294,0.998593,1.07474
-162.21,0.983957,0.120265,4,31,0,163.283,0.999659,0.998021,0.998024,0.99851,0.998318,1.0041
-163.066,0.945931,0.120265,3,15,0,163.831,0.999365,0.999364,0.998387,0.998951,0.999113,1.0542
-163.661,0.994486,0.120265,3,11,0,164.137,1.00097,0.998973,0.99922,0.999742,0.999106,1.04358
-164.574,0.946029,0.120265,4,23,0,168.77,0.999046,0.999056,0.998138,0.999402,0.99889,0.938606
-166.761,0.9488,0.120265,4,15,0,168.539,1.00138,1.0011,0.999485,0.999785,0.999845,0.990767
-163.716,0.979755,0.120265,2,7,0,168.698,1.0007,1.00034,0.998806,0.999854,0.999444,0.979583
-163.928,0.944663,0.120265,3,7,0,165.467,1.00018,0.998388,0.998917,0.999333,0.999475,0.977429
-168.936,0.940752,0.120265,4,23,0,171.386,1.0025,1.00018,1.00143,1.00131,1.00145,1.14292
-168.794,0.986197,0.120265,3,7,0,170.226,1.00164,1.00234,1.00055,1.00143,1.00077,1.12211
-166.123,1,0.120265,3,7,0,169.911,1.00182,0.999503,1.00025,1.0004,1.00055,1.11467
-164.01,0.912517,0.120265,3,15,0,169.488,0.999289,0.999066,0.998637,0.999209,0.997948,1.03519
-164.335,0.990531,0.120265,3,7,0,165.628,1.00064,0.998974,0.998212,0.998542,0.999302,1.04568
-162.477,0.990793,0.120265,3,11,0,165.588,1.00073,0.999943,0.999429,0.999998,0.999704,0.992959
-163.281,0.943515,0.120265,4,31,0,164.582,1.00039,0.999812,0.999211,0.999921,0.999849,1.10611
-163.385,0.926319,0.120265,3,7,0,164.959,1.00082,0.9997,0.999093,0.999479,0.999159,1.10672
-163.574,0.962807,0.120265,3,7,0,165.097,1.00033,0.999463,0.99932,1.0001,0.999855,1.10199
-163.708,0.956914,0.120265,2,7,0,164.595,1.00002,0.999713,0.99918,1.00001,0.99981,1.09128
-163.683,0.960432,0.120265,5,31,0,168.503,0.999521,0.998001,0.998077,0.998458,0.999056,0.977745
-162.614,0.978334,0.120265,4,23,0,165.078,0.999765,0.998761,0.998646,0.998991,0.999343,1.04229
-162.829,0.972578,0.120265,3,15,0,164.126,1.00063,0.999454,0.998569,0.999568,0.998806,1.02761
-163.234,0.939606,0.120265,4,23,0,168.738,0.99922,0.99804,0.997597,0.997879,0.998295,0.928427
-164.615,0.628138,0.120265,2,3,0,168.431,0.999196,0.998148,0.996594,0.998379,0.998059,0.935663
-163.963,0.988103,0.120265,3,7,0,165.635,0.99867,0.998195,0.997951,0.997758,0.997541,0.955103
-163.338,0.917014,0.120265,4,19,0,165.856,0.999133,0.998749,0.998749,0.999183,0.99892,1.04341
-168.587,0.804378,0.120265,4,23,0,171.53,1.0003,0.998937,0.997854,1.00043,0.999356,1.22724
-167.024,0.965954,0.120265,4,23,0,172.07,1.0005,1.00002,1.00046,0.999246,0.999806,1.15536
-168.642,0.952943,0.120265,3,7,0,169.559,1.00069,0.999524,0.998332,1.0011,0.999505,1.18132
-165.853,0.995114,0.120265,3,15,0,171.22,0.99969,0.998647,0.999919,0.99955,0.999321,1.04269
-164.519,0.965744,0.120265,2,7,0,167.357,0.999952,0.998746,0.999616,0.999466,0.998624,1.03538
-165.042,0.950799,0.120265,3,7,0,167.001,1.00021,0.999059,0.998327,0.998282,0.999565,1.04521
-164.712,0.994714,0.120265,2,7,0,166.069,1.00006,0.998673,0.998245,0.998274,0.99951,1.04799
-164.199,1,0.120265,3,7,0,166.237,0.999799,0.99885,0.998233,0.999686,0.998042,1.04892
-164.405,0.949881,0.120265,3,7,0,167.826,0.999675,0.99956,0.998077,0.998647,0.999405,1.02222
-165.622,0.886761,0.120265,3,15,0,169.382,1.00083,0.999437,0.998954,0.998575,0.999805,1.03239
-165.052,0.999413,0.120265,3,7,0,167.318,1.00037,0.999231,0.999326,0.99862,0.999816,1.02753
-163.349,1,0.120265,2,3,0,165.519,1.00059,0.99912,0.999066,0.999047,0.999738,1.02781
-163.855,0.914265,0.120265,3,7,0,166.096,0.999925,0.999865,0.998929,1.00014,0.999688,0.999334
-164.691,0.986323,0.120265,5,31,0,166.709,0.999986,0.999153,0.998141,0.999803,0.999385,0.919013
-163.266,0.923162,0.120265,3,15,0,168.993,0.999693,0.998427,0.998675,0.998268,0.998257,0.983768
-162.732,0.906907,0.120265,3,15,0,165.771,0.999498,0.999458,0.998336,0.99924,0.998723,0.972891
-161.96,0.956442,0.120265,3,15,0,164.671,1.00005,0.999167,0.998545,0.999242,0.998611,1.0108
-162.517,0.954741,0.120265,3,11,0,163.703,1.00035,0.999766,0.998969,0.999805,0.999731,1.02041
-162.691,0.970248,0.120265,3,15,0,164.86,0.998877,0.997733,0.99781,0.998085,0.99757,1.03154
-166.888,0.754439,0.120265,3,15,0,168.294,0.999956,0.998201,0.996738,0.997951,0.997272,1.11229
-166.298,0.880826,0.120265,3,15,0,171.72,0.997926,0.997745,0.997848,0.997839,0.997721,1.19162
-162.847,0.988165,0.120265,4,23,0,168.065,0.998813,0.998773,0.997944,0.998558,0.998561,1.02406
-162.86,0.959726,0.120265,3,7,0,164.452,0.998726,0.997907,0.99755,0.998668,0.998054,1.04309
-162.857,0.956346,0.120265,3,15,0,164.742,0.99981,0.998852,0.998517,0.998276,0.998519,1.04647
-162.885,0.930053,0.120265,3,15,0,165.535,0.998953,0.998083,0.997877,0.998828,0.998282,1.0776
-162.514,0.978459,0.120265,5,31,0,165.173,0.999295,0.998622,0.998045,0.999211,0.998282,0.9887
-164.11,0.889613,0.120265,4,23,0,167.067,1.00055,0.99882,0.999675,0.999726,0.999712,1.06772
-164.072,0.970758,0.120265,4,19,0,166.446,0.998857,0.99836,0.997201,0.997699,0.997458,0.929624
-163.79,0.937275,0.120265,4,15,0,165.889,0.998706,0.99823,0.997247,0.997443,0.997385,0.96769
-163.849,0.955419,0.120265,4,31,0,165.517,0.99924,0.997849,0.997602,0.99894,0.998452,0.949663
-167.833,0.742243,0.120265,2,3,0,168.585,0.999006,0.999512,0.998109,0.99784,0.998033,0.938621
-164.025,0.945324,0.120265,2,3,0,169.91,0.999233,0.998884,0.998746,0.998297,0.998404,0.952448
-162.681,0.85356,0.120265,4,23,0,167.631,0.999573,0.999068,0.997582,0.998948,0.998665,1.05741
-163.245,0.896625,0.120265,4,23,0,165.246,0.999131,0.997815,0.997233,0.99879,0.998212,1.00782
-164.001,0.963096,0.120265,3,15,0,166.839,0.997716,0.997302,0.996089,0.997279,0.997015,1.06064
-169.064,0.86409,0.120265,5,31,0,170.662,1.00107,1.0014,0.999269,1.00078,0.999799,1.25028
-168.082,0.943057,0.120265,4,23,0,172.641,0.99873,0.996871,0.997929,0.997448,0.998433,0.937844
-168.181,0.988724,0.120265,3,7,0,171.175,0.999306,0.999278,0.997236,0.999613,0.998944,0.909499
-164.441,0.94362,0.120265,2,3,0,169.984,0.999692,0.99892,0.998439,0.998565,0.998137,0.895789
-164.923,0.812583,0.120265,3,7,0,167.151,1.00001,0.999326,0.998407,0.998587,0.998565,0.889604
-163.157,0.984407,0.120265,4,15,0,165.743,0.999755,0.99862,0.998549,0.999214,0.999188,0.93365
-163.955,0.819855,0.120265,2,7,0,166.474,0.999271,0.999265,0.998474,0.999013,0.999157,0.938718
-163.073,0.972377,0.120265,3,7,0,164.923,0.999435,0.998703,0.998791,0.999198,0.998782,0.945615
-162.755,0.917568,0.120265,3,7,0,165.227,1.00025,0.99924,0.998691,0.999519,0.999492,0.940661
-165.12,0.487517,0.120265,2,3,0,168.881,1.00046,0.999462,0.999118,0.999903,0.998501,0.937211
-164.934,0.955369,0.120265,3,7,0,167.581,1.00026,0.999675,0.998761,0.999322,1.0001,0.950665
-164.453,0.943867,0.120265,3,7,0,167.77,1.00065,0.999429,0.999233,0.998891,0.99965,0.949489
-162.671,0.928157,0.120265,5,31,0,167.135,0.99877,0.997736,0.997735,0.998194,0.997966,1.07475
-165.978,0.742043,0.120265,2,3,0,166.38,0.998546,0.997705,0.997385,0.997463,0.998795,1.07172
-168.961,0.803437,0.120265,3,7,0,172.976,0.998992,0.998465,0.997104,0.999078,0.996605,1.10805
-166.858,0.999542,0.120265,3,7,0,173.007,0.998618,0.996707,0.998057,0.997433,0.9982,1.07743
-164.5,0.960923,0.120265,3,15,0,169.917,0.99905,0.998813,0.996975,0.998552,0.997381,1.02592
-163.398,1,0.120265,3,15,0,165.212,0.998734,0.99848,0.996918,0.99836,0.997464,1.02311
-163.979,0.829509,0.120265,3,7,0,167.162,0.998055,0.998388,0.997397,0.998011,0.997695,1.02585
-162.459,0.991357,0.120265,3,15,0,165.154,0.999128,0.99786,0.9976,0.99785,0.998262,1.01346
-166.743,0.808307,0.120265,2,7,0,168.734,0.998414,0.996524,0.997913,0.997624,0.997337,1.00399
-165.317,1,0.120265,4,31,0,168.523,1.00017,0.999794,0.997925,0.999405,0.998825,1.18132
-165.638,0.996824,0.120265,3,7,0,166.519,0.99937,0.998048,0.998645,0.998251,0.998798,1.19722
-166.047,0.957028,0.120265,3,7,0,167.344,1.00055,0.999784,0.997666,0.999323,0.998811,1.16172
-165.094,0.94919,0.120265,3,15,0,169.388,0.998617,0.997904,0.99846,0.998294,0.998525,1.13182
-165.05,0.990856,0.120265,4,15,0,167.57,0.998108,0.997098,0.995766,0.997687,0.997111,1.094
-163.778,0.993402,0.120265,3,7,0,165.701,0.9983,0.997388,0.997401,0.997113,0.997424,1.06223
-166.686,0.695585,0.120265,2,7,0,170.698,0.998069,0.998382,0.997165,0.996824,0.997786,1.0599
-167.658,0.943589,0.120265,3,7,0,169.263,0.998427,0.99696,0.996809,0.998814,0.996957,1.08508
-166.635,0.993391,0.120265,3,15,0,170.707,0.998642,0.997385,0.997242,0.999101,0.997345,1.08506
-164.599,0.87754,0.120265,3,15,0,171.321,1.0006,0.999707,0.997974,0.999367,0.998575,1.07402
-163.798,0.997407,0.120265,3,11,0,165.7,0.999174,0.998341,0.998935,0.998586,0.998845,1.03666
-163.277,0.926188,0.120265,3,7,0,166.424,0.999425,0.998929,0.998492,0.999341,0.998089,1.0247
-165.212,0.776286,0.120265,3,15,0,169.669,0.999016,0.999355,0.998502,0.998514,0.997791,1.0354
-163.57,0.952325,0.120265,4,23,0,169.388,0.999277,0.997621,0.998221,0.998546,0.998028,1.08281
-163.049,0.983619,0.120265,3,15,0,164.417,0.999027,0.997816,0.997703,0.998506,0.997617,1.07947
-164.101,0.888689,0.120265,2,7,0,166.234,0.999558,0.997384,0.997934,0.998321,0.997834,1.07534
-163.399,0.992798,0.120265,3,7,0,164.81,0.998707,0.998777,0.997593,0.998781,0.998433,1.06387
-162.454,0.893921,0.120265,3,11,0,167.414,0.999464,0.998799,0.997693,0.998394,0.997968,0.995509
-162.711,0.98104,0.120265,3,15,0,163.345,0.999597,0.998357,0.998244,0.998756,0.99906,0.97502
-164.039,0.944705,0.120265,4,19,0,165.93,0.999335,0.99834,0.998064,0.998338,0.997538,0.938312
-167.59,0.781216,0.120265,2,3,0,168.921,0.999763,0.99738,0.997798,0.9976,0.99873,0.932323
-166.951,0.998724,0.120265,5,31,0,169.675,1.00097,0.998613,0.999574,0.999247,0.999435,1.21151
-165.183,0.965894,0.120265,3,15,0,168.809,0.999862,0.999907,0.998128,0.999181,0.999183,1.17222
-166.565,0.996878,0.120265,3,7,0,167.353,1.00038,0.998622,0.999295,0.999377,0.999258,1.24711
-168.227,0.870033,0.120265,4,15,0,170.429,0.999476,1.00003,0.998971,1.00049,1.00003,1.1675
-168.155,1,0.120265,3,7,0,170.046,1.00193,1.00028,1.00022,0.999597,0.999554,1.16271
-166.394,1,0.120265,3,7,0,169.47,1.00178,0.999779,0.999484,0.999673,1.00003,1.17494
-165.756,0.941488,0.120265,3,15,0,171.552,0.999881,1.00013,0.999986,0.999676,0.999078,1.10202
-164.4,0.941567,0.120265,3,7,0,168.19,1.00102,0.999055,0.998251,0.99977,0.999436,1.04641
-165.589,0.914878,0.120265,4,23,0,168.912,0.997125,0.997135,0.996329,0.996912,0.99629,1.05507
-164.129,0.990129,0.120265,3,7,0,166.254,0.99784,0.996749,0.996087,0.99731,0.996966,1.06127
-163.386,0.965409,0.120265,4,15,0,165.802,1.00111,0.999817,0.999327,0.999971,0.999287,1.07345
-162.468,0.98319,0.120265,3,7,0,163.81,1.00049,0.999384,0.999133,0.999416,0.998989,1.05591
-162.74,0.99072,0.120265,3,7,0,163.353,1.00074,0.999549,0.998694,0.999844,0.999282,1.0642
-163.466,0.986468,0.120265,5,31,0,164.184,1.00098,0.999445,0.999957,1.00006,0.999771,1.01226
-162.576,0.939535,0.120265,4,31,0,165.368,1.00013,0.999318,0.999145,0.999448,0.999126,1.09204
-162.948,0.933336,0.120265,2,7,0,164.279,1.0003,0.998845,0.999214,0.999297,0.999291,1.08518
# 
#  Elapsed Time: 0.077782 seconds (Warm-up)
#                0.113932 seconds (Sampling)
#                0.191714 seconds (Total)
# 
