# stan_version_major = 2
# stan_version_minor = 21
# stan_version_patch = 0
# model = sblrc_blr_model
# method = sample (Default)
#   sample
#     num_samples = 1000 (Default)
#     num_warmup = 1000 (Default)
#     save_warmup = 0 (Default)
#     thin = 1 (Default)
#     adapt
#       engaged = 1 (Default)
#       gamma = 0.050000000000000003 (Default)
#       delta = 0.80000000000000004 (Default)
#       kappa = 0.75 (Default)
#       t0 = 10 (Default)
#       init_buffer = 75 (Default)
#       term_buffer = 50 (Default)
#       window = 25 (Default)
#       num_cross_chains = 4 (Default)
#       cross_chain_window = 100 (Default)
#       cross_chain_ess = 50 (Default)
#     algorithm = hmc (Default)
#       hmc
#         engine = nuts (Default)
#           nuts
#             max_depth = 10 (Default)
#         metric = diag_e (Default)
#         metric_file =  (Default)
#         stepsize = 1 (Default)
#         stepsize_jitter = 0 (Default)
# id = 0 (Default)
# data
#   file = sblrc-blr.data.R
# init = 2 (Default)
# random
#   seed = -1 (Default)
# output
#   file = output.csv.mpi.0
#   diagnostic_file =  (Default)
#   refresh = 100 (Default)
lp__,accept_stat__,stepsize__,treedepth__,n_leapfrog__,divergent__,energy__,beta.1,beta.2,beta.3,beta.4,beta.5,sigma
# Adaptation terminated
# Step size = 0.00335788
# Diagonal elements of inverse mass matrix:
# 0.0322264, 0.0252471, 0.0369676, 0.0615531, 0.0172076, 0.743106
-164.289,0.219688,0.00335788,1,1,0,166.727,0.999558,0.998614,0.999224,0.998775,0.999361,1.00577
-163.34,0.928211,0.00335788,2,7,0,165.731,1.00014,0.998475,0.997643,0.998638,0.998096,1.00668
-163.839,0.578323,0.00335788,4,23,0,169.654,0.999829,0.998685,0.997148,0.998331,0.997897,1.03995
-163.839,0.226464,0.00335788,1,3,0,170.019,0.999829,0.998685,0.997148,0.998331,0.997897,1.03995
-162.7,0.52053,0.00335788,5,47,0,166.058,0.99999,0.999598,0.998349,0.999511,0.998946,1.07875
-165.44,0.391581,0.00335788,5,63,0,166.503,0.998033,0.997821,0.996225,0.998167,0.99713,1.13147
-168.859,0.858934,0.00335788,3,7,0,169.752,0.997753,0.995638,0.99469,0.995851,0.996212,1.13819
-166.827,0.243308,0.00335788,2,7,0,174.339,0.998636,0.998506,0.99795,0.997059,0.997623,1.13951
-165.633,0.993498,0.00335788,4,27,0,168.772,1.00015,0.999458,0.998141,0.999989,0.998584,1.18191
-167.217,0.805049,0.00335788,5,39,0,169.396,0.999174,0.999176,0.997827,0.999674,0.998125,1.22891
-163.14,0.851771,0.00335788,5,47,0,168.437,1.00037,0.999238,0.998809,0.999728,0.999452,1.12322
-165.186,0.497993,0.00335788,4,15,0,166.243,0.998193,0.997459,0.996738,0.996768,0.99687,1.14748
-165.414,0.553277,0.00335788,2,7,0,170.555,1.00008,0.998858,0.997671,0.998036,0.998886,1.14746
-166.402,0.682136,0.00335788,4,27,0,168.396,1.00108,0.999392,0.998463,1.00042,0.998857,1.13172
-166.061,0.699099,0.00335788,2,3,0,167.422,0.999519,0.999478,0.999579,0.999657,0.999908,1.12827
-165.216,0.942866,0.00335788,2,7,0,168.285,1.00073,1.00024,1.00018,0.999706,0.999426,1.12715
-164.587,0.621358,0.00335788,5,55,0,167.92,1.0004,0.999098,0.998866,0.999575,1.0002,1.005
-164.746,0.828145,0.00335788,4,27,0,166.808,0.999927,0.999438,0.998471,0.999343,0.997892,1.02392
-167.906,0.78305,0.00335788,2,3,0,168.666,0.998947,0.997278,0.997667,0.998415,0.99925,1.02257
-163.351,0.624871,0.00335788,2,3,0,168.055,0.998685,0.998353,0.997817,0.998799,0.998578,1.02388
-163.353,0.706608,0.00335788,5,39,0,165.128,0.998659,0.99839,0.997973,0.998599,0.998273,0.947956
-163.353,0.109155,0.00335788,3,15,0,166.391,0.998659,0.99839,0.997973,0.998599,0.998273,0.947956
-163.353,0.00365246,0.00335788,4,15,0,167.65,0.998659,0.99839,0.997973,0.998599,0.998273,0.947956
-164.015,0.695509,0.00335788,4,19,0,165.659,0.99952,0.998259,0.999111,0.999059,0.998728,0.976028
-164.015,0.0611956,0.00335788,2,3,0,167.823,0.99952,0.998259,0.999111,0.999059,0.998728,0.976028
-164.015,0.000259593,0.00335788,2,3,0,169.026,0.99952,0.998259,0.999111,0.999059,0.998728,0.976028
-164.015,0.0704718,0.00335788,2,3,0,166.309,0.99952,0.998259,0.999111,0.999059,0.998728,0.976028
-164.015,0.0136039,0.00335788,2,3,0,168.745,0.99952,0.998259,0.999111,0.999059,0.998728,0.976028
-164.015,0.729075,0.00335788,2,3,0,165.643,0.99952,0.998259,0.999111,0.999059,0.998728,0.976028
-165.33,0.735934,0.00335788,2,7,0,168.483,1.00099,1.00007,0.99839,0.999949,1.00005,0.975572
-167.033,0.419221,0.00335788,4,15,0,169.043,1.00038,1.00041,0.998961,1.00019,1.00066,0.985377
-163.189,0.235266,0.00335788,3,11,0,168.279,0.999096,0.998545,0.997573,0.999098,0.998626,0.985156
-163.189,0.171641,0.00335788,2,7,0,168.511,0.999096,0.998545,0.997573,0.999098,0.998626,0.985156
-163.199,0.381619,0.00335788,2,5,0,164.631,0.999384,0.998565,0.998005,0.999348,0.998102,0.985291
-163.048,0.253534,0.00335788,3,11,0,164.722,0.999863,0.99866,0.997442,0.998787,0.998078,0.987766
-163.174,0.454133,0.00335788,2,7,0,166.729,0.998626,0.997882,0.997582,0.998131,0.998421,0.989599
-163.447,0.243119,0.00335788,2,3,0,169.857,1.00013,0.998689,0.997593,0.998557,0.998157,0.99083
-162.159,1,0.00335788,2,7,0,163.811,0.999334,0.998088,0.997566,0.998672,0.998058,0.992114
-165.429,0.244664,0.00335788,3,15,0,167.783,1.00184,1.00113,1.00004,1.0012,1.00076,0.985806
-163.644,0.213495,0.00335788,3,7,0,168.118,1.00062,0.999816,0.998561,1.00011,0.999731,0.973033
-165.399,0.476023,0.00335788,6,67,0,167.512,0.999501,0.997341,0.997205,0.998516,0.997469,1.12933
-163.769,0.467087,0.00335788,2,3,0,167.339,0.998617,0.997523,0.997685,0.998193,0.99774,1.12638
-163.769,0.206114,0.00335788,2,7,0,169.878,0.998617,0.997523,0.997685,0.998193,0.99774,1.12638
-164.604,0.829996,0.00335788,5,47,0,166.712,0.999865,0.999085,0.99974,0.999854,0.99942,1.09816
-165.327,0.898705,0.00335788,4,15,0,168.377,0.997973,0.997267,0.997176,0.997043,0.996678,1.13635
-165.949,0.779991,0.00335788,2,3,0,168.455,0.997848,0.996534,0.995771,0.996295,0.996887,1.13985
-164.699,1,0.00335788,3,7,0,166.314,0.998631,0.997745,0.997255,0.997317,0.996998,1.14015
-162.742,0.402723,0.00335788,5,33,0,166.399,1.00006,0.99848,0.998792,0.998913,0.998901,1.0797
-162.36,0.995607,0.00335788,4,23,0,163.183,0.999318,0.998098,0.997759,0.998294,0.998559,1.06054
-162.712,0.416197,0.00335788,5,39,0,164.701,0.999767,0.998878,0.998472,0.999106,0.99927,1.09013
-163.397,0.783134,0.00335788,4,15,0,164.366,0.998836,0.997444,0.997339,0.998211,0.997539,1.10486
-165.484,0.53642,0.00335788,3,11,0,166.634,1.00124,1.00017,1.00088,1.00033,1.00013,1.10496
-169.191,0.102135,0.00335788,2,3,0,170.605,1.00195,1.00078,0.998829,0.999773,1.00072,1.10563
-169.191,0.144632,0.00335788,2,3,0,175.317,1.00195,1.00078,0.998829,0.999773,1.00072,1.10563
-163.937,0.495539,0.00335788,3,7,0,173.024,1,0.998767,0.999059,0.998666,0.998374,1.1024
-164.737,0.900004,0.00335788,2,3,0,165.842,1.00019,0.999198,0.997571,0.999592,0.999258,1.10283
-163.523,0.800459,0.00335788,2,3,0,166.899,0.999872,0.998821,0.999072,0.999358,0.998524,1.10762
-163.454,0.737547,0.00335788,2,7,0,164.925,0.999979,0.999599,0.998849,0.99956,0.999675,1.10816
-164.387,0.714626,0.00335788,5,55,0,166.222,0.999758,0.998249,0.999294,0.998916,0.998955,0.978248
-164.387,0.0435512,0.00335788,2,3,0,166.773,0.999758,0.998249,0.999294,0.998916,0.998955,0.978248
-164.387,0.265776,0.00335788,2,3,0,171.403,0.999758,0.998249,0.999294,0.998916,0.998955,0.978248
-165.078,0.448813,0.00335788,2,3,0,168.915,0.999566,0.99982,0.997771,0.998677,0.998352,0.979844
-165.078,0.146472,0.00335788,2,7,0,169.239,0.999566,0.99982,0.997771,0.998677,0.998352,0.979844
-163.434,0.256475,0.00335788,5,55,0,170.672,1.00039,0.999524,0.99904,0.998977,0.999509,0.954469
-163.434,0.123041,0.00335788,1,1,0,164.644,1.00039,0.999524,0.99904,0.998977,0.999509,0.954469
-162.729,0.24552,0.00335788,4,15,0,164.624,1.00021,0.998645,0.99838,0.998721,0.99883,0.948898
-162.729,0.00770823,0.00335788,6,63,0,166.024,1.00021,0.998645,0.99838,0.998721,0.99883,0.948898
-163.114,0.392564,0.00335788,3,11,0,164.086,0.99968,0.998406,0.997655,0.998529,0.998877,0.950017
-163.114,0.194925,0.00335788,3,15,0,164.37,0.99968,0.998406,0.997655,0.998529,0.998877,0.950017
-161.961,0.360109,0.00335788,5,33,0,165,0.999734,0.998522,0.998589,0.998854,0.998559,1.0017
-161.961,0.227581,0.00335788,3,11,0,167.108,0.999734,0.998522,0.998589,0.998854,0.998559,1.0017
-161.961,0.501273,0.00335788,2,7,0,163.371,0.999734,0.998522,0.998589,0.998854,0.998559,1.0017
-163.189,0.591954,0.00335788,2,3,0,163.913,0.999978,0.999175,0.997554,0.999065,0.998434,1.00022
-162.504,0.233036,0.00335788,5,47,0,166.123,0.999247,0.999158,0.998277,0.998881,0.998378,1.03993
-164.398,0.672426,0.00335788,2,7,0,166.291,1.00167,0.999568,0.999458,1.00004,0.99983,1.04051
-164.349,0.19191,0.00335788,5,55,0,168.782,0.999142,0.998675,0.998692,0.998122,0.998818,0.97222
-166.454,0.676165,0.00335788,3,15,0,167.417,0.999019,0.996582,0.996654,0.997307,0.996761,0.985743
-164.306,1,0.00335788,3,11,0,168.815,0.999131,0.999541,0.998198,0.99905,0.999078,0.980502
-164.66,0.915725,0.00335788,3,11,0,166.611,0.999541,0.997239,0.997904,0.997968,0.997788,0.984297
-167.854,0.206026,0.00335788,3,7,0,169.728,0.998495,0.997528,0.99723,0.996519,0.998158,0.976774
-164.775,0.372569,0.00335788,3,7,0,167.608,0.997664,0.996634,0.996314,0.996788,0.997135,0.978139
-165.012,0.487888,0.00335788,4,27,1,169.46,1.00192,1.00043,0.999907,1.00108,1.00011,1.02839
-162.817,0.652095,0.00335788,2,7,0,167.798,1.00061,0.999262,0.99959,0.999888,0.999583,1.02315
-164.577,0.302655,0.00335788,4,31,0,169.287,0.999543,0.998792,0.998955,0.999486,0.998049,1.05912
-168.477,0.965395,0.00335788,3,7,0,170,1.00214,1.00168,0.999697,1.00075,1.00117,1.03973
-167.675,0.942578,0.00335788,3,7,0,169.245,1.00224,1.00132,0.999955,1.0013,1.00153,1.04058
-162.916,0.988595,0.00335788,3,15,0,170.643,0.999136,0.998455,0.996964,0.998108,0.997676,1.02771
-162.316,0.985838,0.00335788,4,23,0,163.458,0.999943,0.998975,0.998691,0.999299,0.999388,1.04426
-165.102,0.275505,0.00335788,3,11,0,169.461,1.00026,1.00037,0.998734,1.00015,1.00015,1.05352
-165.675,0.966443,0.00335788,3,7,0,166.583,0.999814,1.00043,0.998605,0.999925,0.999825,1.04988
-166.502,0.926387,0.00335788,2,3,0,168.429,1.00171,0.999318,1.00051,1.00064,1.00027,1.05077
-166.678,0.40475,0.00335788,4,15,0,168.965,0.997985,0.997144,0.996794,0.998082,0.996282,1.07871
-165.898,0.363504,0.00335788,2,3,0,168.228,0.99745,0.996756,0.996659,0.99782,0.99681,1.0789
-166.223,1,0.00335788,3,7,0,167.011,0.998198,0.997091,0.995589,0.996572,0.996189,1.07536
-164.357,0.893489,0.00335788,3,11,0,168.588,1.00046,0.999554,0.998187,0.99991,0.998574,1.08283
-163.104,0.716475,0.00335788,2,7,0,166.296,0.999135,0.99801,0.997742,0.998546,0.998721,1.08081
-163.847,0.544396,0.00335788,5,59,0,166.427,0.998772,0.998371,0.997189,0.997671,0.99741,1.11238
-162.079,0.466601,0.00335788,5,55,0,165.682,0.999979,0.999563,0.998691,0.999515,0.999045,1.01236
-163.338,0.593158,0.00335788,4,23,0,163.656,0.999784,0.998995,0.997869,0.999705,0.998576,1.01755
-163.132,0.72072,0.00335788,2,3,0,164.279,0.999277,0.998448,0.998918,0.998827,0.998692,1.01777
-164.783,0.555839,0.00335788,5,43,0,166.274,0.998966,0.996832,0.997181,0.997774,0.997133,1.0866
-164.783,0.0472634,0.00335788,2,3,0,168.913,0.998966,0.996832,0.997181,0.997774,0.997133,1.0866
-164.42,0.626116,0.00335788,3,11,0,168.402,0.999983,0.99988,0.998671,0.998797,0.999512,1.08067
-163.772,0.315601,0.00335788,5,39,0,167.414,1.00026,0.998804,0.998206,0.998323,0.99916,1.05065
-163.135,0.750358,0.00335788,3,11,0,166.262,0.999699,0.998514,0.997954,0.999359,0.999033,1.06624
-165.063,0.23391,0.00335788,2,3,0,168.629,0.998817,0.999046,0.998461,0.999481,0.998148,1.06936
-164.907,0.456971,0.00335788,3,15,0,168.589,0.998173,0.996815,0.996859,0.998067,0.997601,1.07408
-162.786,0.799866,0.00335788,5,39,0,167.008,0.998628,0.998138,0.997049,0.997694,0.997811,0.976663
-162.786,0.0062891,0.00335788,4,15,0,170.652,0.998628,0.998138,0.997049,0.997694,0.997811,0.976663
-162.786,0.488153,0.00335788,2,3,0,163.11,0.998628,0.998138,0.997049,0.997694,0.997811,0.976663
-162.786,0.139681,0.00335788,3,11,0,165.507,0.998628,0.998138,0.997049,0.997694,0.997811,0.976663
-163.452,0.7976,0.00335788,2,7,0,164.522,0.998329,0.997257,0.996635,0.997733,0.997003,0.97729
-163.452,0.0502695,0.00335788,5,39,0,167.138,0.998329,0.997257,0.996635,0.997733,0.997003,0.97729
-164.565,0.670999,0.00335788,2,3,0,165.418,0.998127,0.997733,0.996325,0.997683,0.997841,0.977329
-163.837,0.546618,0.00335788,4,31,0,165.974,1.00042,0.999802,0.999687,1.00057,0.999709,1.00173
-163.356,0.577773,0.00335788,5,63,0,165.824,0.998663,0.997648,0.996366,0.99789,0.997451,1.05555
-163.768,0.860596,0.00335788,4,31,0,165.81,0.998266,0.997713,0.997734,0.997861,0.997237,1.03641
-164.066,0.240701,0.00335788,5,55,0,167.624,0.999192,0.997905,0.998281,0.998861,0.998069,1.13164
-164.532,0.827565,0.00335788,6,71,0,165.922,0.999796,0.999598,0.998029,0.998819,0.999401,0.963825
-163.993,0.341236,0.00335788,2,3,0,165.655,0.999704,0.999645,0.998608,0.998783,0.999318,0.964595
-163.993,0.221874,0.00335788,2,3,0,167.026,0.999704,0.999645,0.998608,0.998783,0.999318,0.964595
-163.993,0.10961,0.00335788,2,7,0,169.83,0.999704,0.999645,0.998608,0.998783,0.999318,0.964595
-165.121,0.61311,0.00335788,4,15,0,166.245,1.00131,0.99981,0.999643,1.00076,0.99949,0.96385
-168.052,0.021487,0.00335788,2,3,0,169.117,1.00099,1.00057,0.999496,0.998944,0.999929,0.964494
-167.437,0.365697,0.00335788,3,15,0,170.66,1.00088,1.00005,0.9998,0.998861,0.999345,0.943952
-167.437,4.73163e-10,0.00335788,1,1,0,170.95,1.00088,1.00005,0.9998,0.998861,0.999345,0.943952
-166.423,0.142857,0.00335788,3,7,0,172.896,1.0002,0.999381,0.998599,0.998196,0.999421,0.944827
-163.018,0.959044,0.00335788,3,15,0,163.984,1.00034,0.999837,0.999283,0.999828,0.999732,0.950772
-163.018,0.02385,0.00335788,2,7,0,165.371,1.00034,0.999837,0.999283,0.999828,0.999732,0.950772
-162.822,0.17289,0.00335788,4,27,0,166.047,0.999337,0.998612,0.998846,0.998964,0.998447,1.00566
-162.822,0.096943,0.00335788,2,7,0,167.527,0.999337,0.998612,0.998846,0.998964,0.998447,1.00566
-162.901,0.524133,0.00335788,2,7,0,165.078,1.00032,0.999111,0.998268,0.998741,0.999245,1.00772
-164.644,0.166956,0.00335788,4,31,0,168.22,0.998627,0.998346,0.997627,0.99927,0.998305,1.0158
-167.783,0.406861,0.00335788,3,15,0,170.395,0.998173,0.99661,0.997627,0.99642,0.997246,1.00313
-166.295,0.0353204,0.00335788,5,63,0,173.934,1.00021,0.998599,1,0.999278,0.998956,0.968261
-164.383,0.957464,0.00335788,2,7,0,166.979,1.00009,0.999173,0.997553,0.998491,0.998236,0.969918
-165.777,0.307925,0.00335788,4,27,0,168.358,0.998967,0.998004,0.995952,0.997446,0.997474,0.98472
-165.227,1,0.00335788,2,3,0,166.763,0.998485,0.998265,0.9961,0.998035,0.997653,0.983512
-164.984,0.814523,0.00335788,2,3,0,166.758,0.997825,0.997961,0.997123,0.997109,0.997325,0.984132
-165.011,0.402364,0.00335788,3,11,0,171,1.00009,0.997726,0.9973,0.99823,0.997974,0.981608
-163.817,0.939427,0.00335788,3,11,0,166.237,0.999602,0.999485,0.999077,0.999456,0.999637,0.996386
-164.588,0.923718,0.00335788,2,3,0,165.333,1.00079,0.999692,0.998536,0.999528,0.998521,0.994998
-163.724,0.944953,0.00335788,2,7,0,165.391,0.999177,0.999127,0.998527,0.998964,0.999247,0.991218
-166.469,0.888153,0.00335788,3,11,0,167.834,0.997356,0.996574,0.996312,0.996948,0.99746,0.984594
-165.943,0.267948,0.00335788,4,31,0,171.292,1.00071,1.00027,0.999323,0.998982,1.00011,1.03337
-163.74,0.624375,0.00335788,3,11,0,166.251,1.00123,1.00013,1.00033,1.0003,1.00028,1.03226
-166.453,0.293296,0.00335788,3,15,0,168.446,1.00242,1.00087,1.00037,1.00129,1.00027,1.04009
-167.384,0.294678,0.00335788,3,7,0,170.648,1.00195,1.00113,1.00168,1.00114,1.0014,1.04115
-164.765,0.355616,0.00335788,3,7,0,168.827,1.00126,1.00102,1.0005,1.00095,1.00064,1.03811
-165.48,0.581545,0.00335788,3,15,0,168.489,0.998481,0.997412,0.997775,0.997628,0.996723,1.05082
-163.297,0.186332,0.00335788,5,47,0,169.369,1.00039,0.999508,0.999726,0.999831,0.999345,1.08825
-163.297,0.111093,0.00335788,2,5,0,171.206,1.00039,0.999508,0.999726,0.999831,0.999345,1.08825
-162.77,0.625948,0.00335788,3,15,0,164.748,0.998536,0.997745,0.997116,0.997659,0.997695,1.08546
-165.236,0.399136,0.00335788,6,71,0,167.908,1,0.999324,0.999011,0.998182,0.998509,1.02568
-165.654,0.807168,0.00335788,4,27,0,168.463,0.999257,0.998741,0.997176,0.999639,0.998169,1.00339
-169.976,0.264096,0.00335788,2,7,0,172.855,1.00071,0.998975,0.998738,0.999528,0.997506,1.00344
-164.943,1,0.00335788,2,3,0,168.654,0.999664,0.998729,0.998374,0.999294,0.999807,0.994764
-162.976,0.996302,0.00335788,5,43,0,165.475,0.998311,0.997968,0.997264,0.998296,0.997724,1.0335
-162.976,0.0164877,0.00335788,3,15,0,174.569,0.998311,0.997968,0.997264,0.998296,0.997724,1.0335
-162.976,0.469459,0.00335788,2,3,0,164.835,0.998311,0.997968,0.997264,0.998296,0.997724,1.0335
-163.231,0.415268,0.00335788,2,7,0,166.325,0.999184,0.997443,0.997899,0.998391,0.997895,1.02995
-164.199,0.664632,0.00335788,2,7,0,165.23,0.999184,0.999085,0.997371,0.999396,0.998476,1.03213
-163.627,0.271358,0.00335788,4,27,0,166.863,1.00041,1.00019,0.998665,1.00012,0.99971,1.02678
-167.203,0.156535,0.00335788,3,15,0,169.109,1.00204,0.999842,1.00065,0.999909,1.00003,1.03063
-165.532,0.77758,0.00335788,4,15,0,168.477,1.00112,0.999507,0.999197,1.00094,0.999535,1.02408
-164.133,0.339842,0.00335788,2,3,0,166.693,0.99988,0.999661,0.999031,1.00017,0.999818,1.02266
-164.983,0.32366,0.00335788,5,59,0,171.942,1.00123,0.999998,0.999423,1.00035,1.00015,1.17944
-167.095,0.424222,0.00335788,4,23,0,171.921,1.00063,1.00028,0.999784,0.999942,0.998841,1.20858
-167.691,0.648822,0.00335788,2,7,0,170.657,1.00002,0.998087,0.99932,0.999392,0.999637,1.21101
-167.691,0.310627,0.00335788,2,3,0,170.851,1.00002,0.998087,0.99932,0.999392,0.999637,1.21101
-167.734,0.799891,0.00335788,2,3,0,172.395,1.00148,0.998685,0.999311,0.999548,0.999861,1.20484
-167.439,0.354577,0.00335788,2,3,0,171.862,1.00047,1.0008,0.998644,0.999543,0.999545,1.20621
-164.757,1,0.00335788,2,7,0,168.394,1.00053,0.999517,0.99903,0.999517,0.999592,1.20294
-166.905,0.202493,0.00335788,2,7,0,169.585,1.0004,0.99907,0.998225,1.00019,0.999799,1.19915
-164.506,0.353406,0.00335788,2,7,0,169.93,0.999656,0.998962,0.998758,0.999204,0.99874,1.19811
-166.09,0.440299,0.00335788,5,49,0,170.651,1.00071,1.00109,0.999341,1.00006,0.999461,0.992956
-164.793,0.386102,0.00335788,6,71,0,168.525,1.00097,0.999246,0.999378,0.999706,1.00025,1.12694
-164.343,0.172301,0.00335788,4,15,0,170.021,0.999082,0.998698,0.997201,0.997963,0.998142,1.15419
-164.498,0.917628,0.00335788,2,7,0,166.167,0.999214,0.998091,0.997427,0.998212,0.997305,1.1552
-165.06,0.755088,0.00335788,4,27,0,168.197,1.00036,1.00015,0.99906,1.00004,1.00037,1.10883
-163.698,0.895858,0.00335788,4,15,0,165.773,1.00107,0.999566,0.999822,1.00007,0.999885,1.106
-163.698,0.0434937,0.00335788,2,3,0,167.928,1.00107,0.999566,0.999822,1.00007,0.999885,1.106
-163.974,0.589803,0.00335788,3,15,0,165.783,0.999676,0.999819,0.999011,0.999733,0.999333,1.11278
-164.071,0.913061,0.00335788,4,15,0,165.08,0.998861,0.997682,0.996742,0.998342,0.997393,1.12002
-163.752,0.637283,0.00335788,4,31,0,166.781,0.999185,0.997543,0.996779,0.997741,0.997903,1.1022
-164.385,0.635985,0.00335788,4,15,0,165.127,1.00028,0.999472,0.999881,1.00018,0.999745,1.11541
-162.722,0.424351,0.00335788,4,31,0,169.515,0.998966,0.998565,0.997647,0.998967,0.998054,1.03994
-163.981,0.283769,0.00335788,4,27,0,168.427,0.999834,0.998416,0.998288,0.999747,0.999023,1.07603
-163.179,0.88999,0.00335788,4,27,0,165.424,0.998918,0.997322,0.997356,0.997902,0.998111,1.05954
-164.063,0.623266,0.00335788,5,47,0,165.865,0.99848,0.998765,0.997246,0.998265,0.998021,0.961425
-162.72,0.939636,0.00335788,5,47,0,164.917,0.999289,0.999091,0.997729,0.998719,0.998643,1.06641
-162.278,0.51995,0.00335788,5,63,0,164.309,0.999746,0.999363,0.998777,0.999515,0.998969,1.04299
-162.276,0.672291,0.00335788,4,31,0,165.913,0.999857,0.998351,0.998228,0.999084,0.99881,0.988837
-162.276,0.158877,0.00335788,2,7,0,166.531,0.999857,0.998351,0.998228,0.999084,0.99881,0.988837
-162.276,0.0433253,0.00335788,2,3,0,165.583,0.999857,0.998351,0.998228,0.999084,0.99881,0.988837
-163.381,0.44404,0.00335788,2,7,0,164.902,0.999535,0.998445,0.998231,0.997836,0.998436,0.990959
-162.582,0.556891,0.00335788,5,37,0,166.2,0.999807,0.998784,0.998864,0.999197,0.999099,1.08387
-168.361,0.477112,0.00335788,5,45,0,171.236,1.00028,0.999843,0.999418,0.999602,1.00049,1.26291
-164.94,0.735322,0.00335788,5,31,0,169.609,1.00045,0.999325,0.997715,0.998832,0.999092,1.1374
-163.438,0.920039,0.00335788,2,3,0,165.043,0.999926,0.999189,0.998697,0.999025,0.999347,1.13735
-163.797,0.495343,0.00335788,5,63,0,166.11,0.99916,0.998257,0.99801,0.997496,0.997931,1.01073
-163.336,0.678891,0.00335788,5,43,0,165.486,0.999529,0.999352,0.998463,0.999521,0.999281,0.965749
-163.336,0.128203,0.00335788,2,3,0,169.301,0.999529,0.999352,0.998463,0.999521,0.999281,0.965749
-165.167,0.090595,0.00335788,4,15,0,166.945,0.999462,0.998109,0.997628,0.998378,0.997136,0.966019
-166.846,0.251746,0.00335788,6,71,0,170.213,0.997389,0.996294,0.996665,0.997183,0.996978,1.1723
-165.428,0.919666,0.00335788,3,15,0,168.433,0.999661,0.997727,0.99814,0.998415,0.998891,1.18139
-164.177,0.859632,0.00335788,2,3,0,166.025,0.999401,0.998568,0.997661,0.998423,0.998619,1.1815
-164.177,0.217559,0.00335788,2,7,0,169.914,0.999401,0.998568,0.997661,0.998423,0.998619,1.1815
-165.269,0.332683,0.00335788,4,19,0,167.337,0.999304,0.998607,0.998067,0.999547,0.998459,1.18849
-166.082,0.648277,0.00335788,5,59,0,169.409,0.999475,0.998102,0.997472,0.999569,0.998268,1.16474
-162.407,0.649787,0.00335788,5,55,0,166.047,0.999731,0.999562,0.998814,0.999293,0.999047,1.02934
-164.497,0.797062,0.00335788,4,31,0,165.817,1.00104,1.00006,0.998406,1.00007,0.999755,1.0054
-164.83,0.148716,0.00335788,5,39,0,168.686,1.00126,1.00009,0.998512,1.00007,0.999735,1.09379
-165.796,0.84075,0.00335788,2,7,0,167.216,0.999543,0.998667,0.999798,0.998974,0.999287,1.08982
-164.553,0.795468,0.00335788,5,39,0,167.346,1.00001,0.998636,0.998257,0.998565,0.999522,0.954355
-165.947,0.188733,0.00335788,3,11,0,169.376,0.999962,0.999109,0.999694,0.998555,0.99896,0.957958
-163.657,0.080184,0.00335788,6,67,0,168.651,0.999702,0.998549,0.998824,0.999113,0.998115,0.974896
-163.843,0.61554,0.00335788,2,3,0,165.173,0.999317,0.997912,0.998701,0.998748,0.998605,0.975051
-163.705,0.0247264,0.00335788,5,63,0,168.39,0.999951,0.998371,0.998153,0.999449,0.999103,0.961435
-163.546,0.273121,0.00335788,4,15,0,165.33,0.99921,0.997942,0.998334,0.997916,0.998448,0.976664
-163.451,0.579824,0.00335788,3,11,0,165.081,0.999711,0.999158,0.997821,0.999392,0.998218,0.974038
-163.644,0.529449,0.00335788,2,7,0,165.686,0.999774,0.998461,0.998903,0.998719,0.99928,0.971518
-164.124,0.73681,0.00335788,4,25,0,166.686,1.0001,0.998861,0.999294,0.998908,0.999474,0.944824
-163.44,0.386703,0.00335788,2,3,0,167.406,1.00051,0.999502,0.998484,1,0.999339,0.947683
-163.44,0.0336464,0.00335788,3,9,0,167.837,1.00051,0.999502,0.998484,1,0.999339,0.947683
-164.231,0.191367,0.00335788,5,63,0,168.059,0.999113,0.999313,0.998914,0.998928,0.999157,1.02392
-164.673,0.301007,0.00335788,4,23,0,168.641,0.997864,0.997252,0.997375,0.997381,0.996897,0.992205
-164.47,0.0940016,0.00335788,4,15,0,168.277,0.999492,0.998038,0.998947,0.998259,0.99817,0.998664
-162.388,0.999028,0.00335788,3,11,0,164.677,1.00077,0.999505,0.99885,0.999781,0.999336,1.00889
-163.298,0.54167,0.00335788,4,19,0,165.476,0.997956,0.997435,0.996919,0.997536,0.997121,0.997734
-163.523,0.262962,0.00335788,3,7,0,165.753,0.999657,0.99837,0.997447,0.997961,0.997693,0.996966
-162.352,0.531829,0.00335788,2,7,0,164.351,1.00004,0.99877,0.998786,0.999567,0.998933,0.999933
-162.352,0.0646747,0.00335788,1,1,0,164.278,1.00004,0.99877,0.998786,0.999567,0.998933,0.999933
-162.81,0.213583,0.00335788,5,51,0,166.412,0.999146,0.998909,0.998524,0.998751,0.998609,1.07591
-162.902,0.349147,0.00335788,3,15,0,165.23,0.999579,0.99841,0.997246,0.998459,0.99852,1.0701
-162.902,0.43265,0.00335788,2,7,0,164.63,0.999579,0.99841,0.997246,0.998459,0.99852,1.0701
-165.008,0.291961,0.00335788,5,47,0,166.859,1.00052,0.999747,0.998105,0.998921,0.999694,1.04829
-166.706,0.895137,0.00335788,2,3,0,167.776,1.00033,0.998937,1.00041,1.0002,0.99945,1.0495
-166.946,0.894459,0.00335788,5,59,0,170.119,1.00152,0.998799,0.999433,0.999344,0.999661,1.16362
-163.649,0.566818,0.00335788,5,39,0,170.207,0.99894,0.997441,0.997336,0.998538,0.998054,1.08514
-166.942,0.478139,0.00335788,4,15,0,168.875,0.999222,0.998914,0.996672,0.999503,0.998428,1.09469
-165.972,0.299698,0.00335788,3,7,0,171.04,0.997275,0.99779,0.996423,0.997048,0.997137,1.09983
-165.463,0.734187,0.00335788,4,27,0,169.184,1.00143,0.999727,0.999178,0.999893,1.00063,1.06195
-166.115,0.34645,0.00335788,4,15,0,168.717,1.00187,1.00141,1.00066,1.00099,1.00021,1.07135
-165.838,0.557018,0.00335788,2,3,0,168.834,1.0018,0.999637,0.999311,1.0001,1.00053,1.07882
-165.6,0.355745,0.00335788,4,31,0,172.522,1.00091,1.0003,0.998311,0.999296,0.999355,1.09962
-163.78,0.631665,0.00335788,6,75,0,165.484,1.00081,0.999264,0.998366,0.999274,0.999652,0.993212
-164.688,0.829867,0.00335788,4,31,0,166.891,1.00046,0.999473,0.998785,0.999645,1.00028,0.989114
-166.05,0.408284,0.00335788,4,15,0,167.91,0.999548,0.997284,0.997239,0.997368,0.997287,0.966274
-166.56,0.168471,0.00335788,4,15,0,170.585,0.999813,0.999746,1.00024,0.99931,0.999368,0.990931
-163.45,0.647477,0.00335788,4,19,0,169.423,0.999052,0.997519,0.997828,0.997606,0.997557,1.01937
-166.14,0.354274,0.00335788,2,3,0,167.112,0.999795,0.997832,0.99665,0.997927,0.99724,1.01941
-163.028,0.907068,0.00335788,2,3,0,165.305,0.998817,0.997884,0.996598,0.997573,0.997619,1.01983
-165.939,0.590655,0.00335788,3,7,0,166.447,0.997641,0.996179,0.995484,0.997075,0.996702,1.02573
-164.781,0.988944,0.00335788,2,3,0,166.602,0.997568,0.997561,0.996899,0.997755,0.996875,1.03027
-164.978,0.737402,0.00335788,4,31,0,166.845,1.00162,1.00045,0.99941,0.999799,1.00009,1.00689
-163.971,0.551039,0.00335788,3,15,0,167.181,1.00086,1.00026,0.999454,1.00068,1.00035,1.01828
-162.967,0.905746,0.00335788,4,31,0,165.313,0.998836,0.997981,0.997721,0.998596,0.997592,0.994391
-162.144,0.49713,0.00335788,4,29,0,167.791,1.0001,0.999061,0.998262,0.998772,0.998846,0.982988
-163.462,0.662386,0.00335788,2,3,0,163.899,0.999789,0.999692,0.998787,0.999362,0.998492,0.982195
-163.56,0.946613,0.00335788,2,3,0,164.545,1.0006,0.998711,0.998873,0.999442,0.999635,0.983458
-162.241,0.989196,0.00335788,5,59,0,164.006,0.998819,0.998442,0.997922,0.998341,0.998096,1.00396
-162.976,0.376611,0.00335788,5,35,0,164.092,0.999928,0.998444,0.998692,0.99875,0.999203,0.981745
-165.695,0.399174,0.00335788,5,43,0,169.048,1.0003,0.998242,0.999545,0.999595,0.999514,1.00358
-162.498,1,0.00335788,2,7,0,165.639,0.999748,0.99878,0.999077,0.99906,0.998928,1.0031
-163.785,0.358255,0.00335788,5,43,0,167.024,1.0001,0.998096,0.997408,0.99883,0.998537,1.03362
-162.324,1,0.00335788,2,7,0,164.861,0.999996,0.999173,0.997874,0.999007,0.998713,1.03461
-165.707,0.0612408,0.00335788,5,51,0,169.409,1.00019,0.99986,0.998745,1.00072,0.999964,1.02239
-163.249,0.880641,0.00335788,5,39,0,165.459,0.999766,0.998899,0.997908,0.998595,0.999268,1.0398
-162.194,0.304575,0.00335788,5,47,0,165.914,0.999556,0.998152,0.998227,0.998337,0.998492,1.00633
-162.194,0.0415189,0.00335788,2,3,0,164.958,0.999556,0.998152,0.998227,0.998337,0.998492,1.00633
-162.234,0.634499,0.00335788,3,11,0,163.208,0.999802,0.998794,0.998361,0.99923,0.999215,1.00844
-163.042,0.210658,0.00335788,5,47,0,165.415,0.999257,0.998711,0.998373,0.999102,0.999083,0.981243
-162.899,0.632985,0.00335788,4,19,0,165.014,0.999691,0.998066,0.997716,0.997913,0.998254,1.00818
-165.845,0.091693,0.00335788,2,3,0,170.535,0.998591,0.998337,0.997058,0.999113,0.9986,1.00843
-164.433,0.982006,0.00335788,5,55,0,166.143,1.00033,0.998898,0.998822,1.0002,0.998703,1.03095
-164.591,0.740709,0.00335788,2,3,0,165.829,0.999392,0.999093,0.997891,0.999485,0.999442,1.03589
-163.513,0.897892,0.00335788,3,11,0,166.428,0.998491,0.997728,0.997855,0.997527,0.997561,1.04015
-165.125,0.810086,0.00335788,3,11,0,166.642,1.0002,0.998582,0.999748,0.999832,0.99903,1.03412
-163.648,1,0.00335788,2,3,0,165.661,1.00008,0.999885,0.998042,0.99959,0.998841,1.03525
-164.291,0.607066,0.00335788,2,7,0,165.44,1.00005,0.997743,0.998216,0.999116,0.998664,1.03108
-164.34,0.833693,0.00335788,3,7,0,165.326,0.998238,0.998596,0.996923,0.998111,0.997356,1.03357
-165.837,0.516017,0.00335788,5,43,0,171.568,0.997278,0.997161,0.996425,0.996818,0.996298,1.12569
-167.332,0.131947,0.00335788,3,7,0,170.745,0.998847,0.997046,0.996293,0.996337,0.997528,1.13161
-167.341,0.976307,0.00335788,4,27,0,169.73,1.00053,0.999757,1.00058,0.99971,1.00028,1.19136
-168.854,0.639255,0.00335788,4,15,0,170.417,0.998809,0.998406,0.998941,0.999947,0.99892,1.19022
-167.265,0.900808,0.00335788,4,27,0,172.757,1.00088,0.999158,0.999461,0.998558,0.998999,1.19506
-167.115,0.438916,0.00335788,2,5,0,170.558,1.00003,1.00065,0.998984,1.00026,0.999926,1.19682
-164.764,0.902019,0.00335788,4,31,0,169.031,0.999374,0.997736,0.99853,0.998579,0.9983,1.15827
-166.639,0.531982,0.00335788,3,11,0,168.877,0.998334,0.998324,0.996012,0.997185,0.997207,1.15503
-166.121,0.483263,0.00335788,3,7,0,170.502,0.998243,0.997351,0.995856,0.99799,0.997392,1.15902
-166.89,0.305632,0.00335788,4,19,0,174.067,1.00156,0.999532,0.999237,0.999546,1.00004,1.21183
-168.589,0.223074,0.00335788,2,3,0,174.017,0.999691,0.999468,0.999568,1.00077,0.999565,1.21514
-166.623,0.927612,0.00335788,3,11,0,168.944,0.998199,0.997606,0.998023,0.997696,0.997911,1.21408
-166.346,0.753805,0.00335788,3,11,0,168.935,1.00011,0.999634,0.999707,0.99889,0.999238,1.19908
-167.14,0.659509,0.00335788,5,55,0,171.8,1.00001,1.00037,1.00006,0.999191,0.999204,1.12554
-167.325,0.887304,0.00335788,2,7,0,169.701,0.999899,0.999604,1.00055,0.999506,0.999739,1.12617
-164.793,0.978858,0.00335788,3,11,0,167.913,1.00061,0.998807,0.997833,0.999313,0.999291,1.12569
-163.523,0.590917,0.00335788,5,63,0,167.824,0.999862,0.999045,0.997983,0.998148,0.998841,1.02425
-163.523,0.0480685,0.00335788,2,3,0,168.952,0.999862,0.999045,0.997983,0.998148,0.998841,1.02425
-164.509,0.286357,0.00335788,2,7,0,168.425,0.99814,0.997667,0.997734,0.99849,0.997651,1.02402
-164.598,0.883386,0.00335788,5,47,0,166.612,1.00118,0.999428,0.998592,1.00024,0.999484,0.98612
-164.598,0.0665061,0.00335788,2,3,0,166.962,1.00118,0.999428,0.998592,1.00024,0.999484,0.98612
-164.358,0.588734,0.00335788,4,31,0,165.638,0.99828,0.997454,0.997812,0.997927,0.997859,0.954994
-164.269,0.558714,0.00335788,2,3,0,165.576,0.999264,0.997703,0.99667,0.998249,0.997523,0.956153
-164.269,0.00596632,0.00335788,2,3,0,168.215,0.999264,0.997703,0.99667,0.998249,0.997523,0.956153
-164.269,0.0339571,0.00335788,4,23,0,168.777,0.999264,0.997703,0.99667,0.998249,0.997523,0.956153
-164.269,0.00571601,0.00335788,4,15,0,168.353,0.999264,0.997703,0.99667,0.998249,0.997523,0.956153
-165.3,0.34886,0.00335788,2,7,0,167.663,0.99846,0.998111,0.998148,0.998972,0.998056,0.955152
-162.238,0.373912,0.00335788,4,23,0,164.982,0.999301,0.998761,0.998243,0.998418,0.998503,0.972275
-165.517,0.101693,0.00335788,5,39,0,168.794,1.00072,0.999915,0.999852,0.999397,0.998765,1.07072
-165.588,0.548794,0.00335788,4,31,0,170.384,0.999778,0.998816,0.998458,0.998086,0.999516,1.10377
-163.29,0.933978,0.00335788,3,11,0,165.626,1.00044,0.999005,0.998693,0.999712,0.998867,1.11207
-163.899,0.529565,0.00335788,3,11,0,165.746,0.999272,0.998149,0.997644,0.998861,0.998902,1.11089
-165.636,0.693521,0.00335788,2,7,0,167.053,0.999785,0.999492,0.99959,0.999951,0.998552,1.11435
-164.841,1,0.00335788,4,27,0,166.464,0.998783,0.99823,0.996363,0.998181,0.997706,1.14011
-165.802,0.65667,0.00335788,2,7,0,168.239,0.998072,0.997703,0.997721,0.99714,0.997118,1.13931
-165.436,0.986261,0.00335788,4,23,0,167.006,1.00139,1.00026,0.998937,0.999891,1.00032,1.12222
-168.492,0.18989,0.00335788,5,55,0,175.514,0.999536,0.997148,0.996604,0.996824,0.997371,1.20502
-165.215,0.683094,0.00335788,5,47,0,169.438,0.999343,0.99711,0.996808,0.99767,0.997169,1.10859
-165.181,0.587025,0.00335788,4,15,0,167.694,1.00123,1.00095,0.999737,1.00124,1.00037,1.08172
-167.412,0.852697,0.00335788,6,71,0,170.112,0.997501,0.995993,0.99646,0.997014,0.996513,1.19455
-164.994,0.767742,0.00335788,2,7,0,170.899,0.999349,0.998297,0.99698,0.998377,0.997941,1.19672
-162.467,0.84142,0.00335788,5,47,0,167.768,0.999469,0.99833,0.997601,0.998172,0.997768,1.0294
-162.788,0.863205,0.00335788,5,47,0,163.448,0.999493,0.998449,0.997346,0.998869,0.998398,1.07539
-163.165,0.386949,0.00335788,3,15,0,164.698,0.999949,0.998382,0.998294,0.99916,0.998162,1.07087
-162.249,0.695842,0.00335788,2,7,0,165.23,1.00009,0.99887,0.998629,0.999337,0.999172,1.07157
-161.984,0.718697,0.00335788,5,39,0,163.941,0.999913,0.999431,0.998606,0.999486,0.999022,1.01205
-162.996,0.651149,0.00335788,5,39,0,164.399,0.999136,0.997448,0.997154,0.997984,0.997814,0.967949
-164.745,0.315541,0.00335788,4,31,0,168.074,0.997985,0.998072,0.997605,0.998461,0.997877,1.00141
-164.117,0.711231,0.00335788,4,23,0,165.687,0.999971,0.999219,0.999821,0.999557,0.999262,0.978956
-163.079,0.602542,0.00335788,5,39,0,165.978,0.998177,0.997805,0.99708,0.99769,0.99781,1.03813
-164.612,0.709353,0.00335788,3,7,0,165.405,0.99844,0.99745,0.996687,0.997856,0.998322,1.03648
-162.856,0.739825,0.00335788,5,45,0,167.389,0.999577,0.998359,0.997637,0.999141,0.998725,1.00026
-163.919,0.504815,0.00335788,5,39,0,167.514,0.999808,0.999525,0.998126,0.999583,0.999597,1.04055
-162.361,0.993402,0.00335788,4,15,0,164.072,1.00006,0.998607,0.998203,0.998791,0.998338,1.0509
-163.157,0.878564,0.00335788,5,55,0,165.284,0.999523,0.999105,0.998091,0.998797,0.997896,1.00057
-162.958,0.587331,0.00335788,2,3,0,163.887,0.99978,0.999093,0.997995,0.99839,0.998204,1.00059
-162.502,0.782819,0.00335788,5,47,0,163.359,0.99971,0.999468,0.998328,0.999526,0.998954,1.03553
-162.598,0.918886,0.00335788,4,19,0,163.086,0.99973,0.999495,0.998076,0.999168,0.998998,1.0293
-163.272,0.768087,0.00335788,2,3,0,164.05,1.00031,0.999242,0.999287,0.99979,0.998713,1.03013
-163.067,0.570714,0.00335788,2,3,0,164.991,0.999834,0.998708,0.998341,0.999691,0.999161,1.02764
-163.067,0.127226,0.00335788,3,15,0,170.063,0.999834,0.998708,0.998341,0.999691,0.999161,1.02764
-164.471,0.380728,0.00335788,5,43,0,167.485,1.00016,0.998967,0.99818,0.99806,0.999033,1.0548
-166.281,0.719798,0.00335788,2,7,0,168.832,0.998842,0.998477,0.99866,0.99754,0.99767,1.05091
-163.363,1,0.00335788,1,1,0,165.286,0.998721,0.998292,0.998151,0.998105,0.997639,1.05037
-162.527,0.341925,0.00335788,4,31,0,166.021,1.00025,0.99869,0.998497,0.998697,0.998843,1.05791
-162.527,0.19001,0.00335788,1,1,0,164.706,1.00025,0.99869,0.998497,0.998697,0.998843,1.05791
-162.527,0.427561,0.00335788,3,11,0,164.633,1.00025,0.99869,0.998497,0.998697,0.998843,1.05791
-163.165,0.885656,0.00335788,2,3,0,163.578,0.999609,0.99953,0.998495,0.999579,0.99855,1.05584
-163.082,0.66126,0.00335788,2,7,0,165.096,1.00039,0.999112,0.99925,0.998903,0.999276,1.05806
-163.082,0.187509,0.00335788,2,3,0,172.719,1.00039,0.999112,0.99925,0.998903,0.999276,1.05806
-162.708,0.917496,0.00335788,3,11,0,163.814,0.99996,0.998622,0.997969,0.999253,0.998336,1.05955
-163.439,0.597049,0.00335788,4,31,0,165.145,0.999019,0.998876,0.998414,0.99876,0.998762,1.10656
-162.985,0.360874,0.00335788,5,35,0,167.395,1.00106,1.00018,0.999187,1.0001,0.999817,1.03697
-163.195,0.834991,0.00335788,4,31,0,163.905,0.998331,0.997134,0.996915,0.997806,0.997596,1.0134
-163.643,0.778497,0.00335788,3,15,0,164.853,0.99836,0.997297,0.996713,0.99732,0.997879,1.02111
-163.222,0.168012,0.00335788,4,15,0,167.206,1.00013,0.99974,0.998075,0.999063,0.998997,1.0402
-165.745,0.162996,0.00335788,2,3,0,167.918,1.00061,0.998373,0.999213,0.998406,0.999299,1.04181
-163.551,0.889701,0.00335788,4,31,0,166.967,0.999826,0.999525,0.998841,0.999205,0.998287,1.01644
-166.014,0.582627,0.00335788,5,47,0,169.653,0.999639,0.998932,0.99742,0.999285,0.999193,1.18961
-163.162,0.346387,0.00335788,5,47,0,167.921,1.00003,0.999629,0.999265,0.999569,0.999681,0.966533
-162.993,0.0271401,0.00335788,5,55,0,167.875,0.998589,0.998136,0.997812,0.998405,0.998389,1.01052
-164.437,0.668387,0.00335788,2,3,0,165.461,0.999416,0.997295,0.998186,0.998315,0.998462,1.01217
-166.922,0.421527,0.00335788,5,39,0,170.563,0.997938,0.998988,0.99799,0.997992,0.998051,1.04032
-165.213,0.696146,0.00335788,5,55,0,173.358,1.00039,0.999512,1.00028,1.00004,0.999445,1.1248
-164.331,0.45899,0.00335788,4,15,0,166.804,1.00008,0.99932,0.999749,0.999769,0.999138,1.12674
-164.275,0.701567,0.00335788,5,47,0,168.98,1.00037,0.999762,1.00005,1.00029,0.999872,0.976315
-164.098,0.0354923,0.00335788,5,35,0,169.623,1.00026,0.998539,0.998379,0.998568,0.998184,0.948222
-164.098,0.0141477,0.00335788,2,7,0,167.445,1.00026,0.998539,0.998379,0.998568,0.998184,0.948222
-164.098,0.0708133,0.00335788,2,3,0,166.301,1.00026,0.998539,0.998379,0.998568,0.998184,0.948222
-163.225,0.107833,0.00335788,4,21,0,166.162,0.99899,0.99913,0.998115,0.998877,0.998632,0.970974
-163.2,0.461919,0.00335788,5,35,0,164.985,0.999083,0.998886,0.997562,0.998398,0.998769,1.01556
-165.296,0.217947,0.00335788,4,21,0,169.496,0.999653,0.999035,0.999118,0.9989,0.998106,0.934286
-165.296,0.00877971,0.00335788,2,7,0,168.264,0.999653,0.999035,0.999118,0.9989,0.998106,0.934286
-165.296,0.023486,0.00335788,2,7,0,167.234,0.999653,0.999035,0.999118,0.9989,0.998106,0.934286
-163.713,0.218073,0.00335788,3,11,0,166.161,1.00003,0.999726,0.998273,0.999068,0.998787,0.934424
-166.271,0.00965313,0.00335788,5,47,0,167.426,1.00079,0.999601,0.998434,0.998872,0.998521,0.935105
-163.512,0.991447,0.00335788,5,63,0,167.92,1.00012,0.999223,0.997851,0.999635,0.998491,1.02677
-164.399,0.83867,0.00335788,5,39,0,166.498,0.998643,0.998933,0.99851,0.998539,0.998116,1.07537
-163.827,0.727373,0.00335788,2,3,0,166.039,1.00016,0.998152,0.998143,0.998633,0.99803,1.07456
-164.002,0.451518,0.00335788,2,3,0,169.055,0.999086,0.99912,0.997807,0.998359,0.997688,1.07175
-163.621,0.802317,0.00335788,2,7,0,165.464,0.999195,0.997384,0.997049,0.997496,0.997897,1.0703
-164.238,0.268283,0.00335788,2,3,0,168.788,0.998939,0.997291,0.997072,0.997007,0.99764,1.07332
-162.762,0.569581,0.00335788,5,59,0,165.556,0.999202,0.997983,0.998116,0.997938,0.998028,1.05841
-162.762,0.186591,0.00335788,2,3,0,164.859,0.999202,0.997983,0.998116,0.997938,0.998028,1.05841
-164.234,0.114141,0.00335788,3,11,0,167.67,0.999282,0.998811,0.996849,0.998499,0.998582,1.05125
-162.943,0.0922897,0.00335788,5,43,0,171.518,0.999206,0.99812,0.997565,0.999003,0.998501,1.0326
-165.049,0.720116,0.00335788,5,63,0,167.741,0.999753,0.998883,0.998215,0.997735,0.998702,0.979135
-163.652,0.726212,0.00335788,4,23,0,164.814,0.999682,0.999727,0.998242,0.999052,0.998636,0.952028
-163.652,0.0802422,0.00335788,3,15,0,165.433,0.999682,0.999727,0.998242,0.999052,0.998636,0.952028
-162.253,0.99748,0.00335788,4,23,0,163.877,0.999203,0.998301,0.997698,0.998528,0.997833,0.967367
-162.253,0.122053,0.00335788,2,7,0,165.311,0.999203,0.998301,0.997698,0.998528,0.997833,0.967367
-161.88,0.600365,0.00335788,2,7,0,164.126,0.999528,0.998839,0.998199,0.998745,0.998449,0.964607
-165.132,0.157371,0.00335788,4,15,0,166.027,1.00016,0.99846,0.997585,0.997973,0.998155,0.950907
-164.455,0.506414,0.00335788,3,15,0,165.884,0.998016,0.997701,0.996916,0.997981,0.997761,0.939968
-164.455,0.000700853,0.00335788,2,3,0,170.068,0.998016,0.997701,0.996916,0.997981,0.997761,0.939968
-164.455,8.84321e-06,0.00335788,6,71,0,172.05,0.998016,0.997701,0.996916,0.997981,0.997761,0.939968
-167.115,0.0108087,0.00335788,4,31,0,169.98,0.998573,0.996904,0.996781,0.998415,0.996979,0.942613
-163.922,0.870032,0.00335788,4,15,0,166.368,1.00091,1.00007,0.99869,0.999973,0.999604,0.949702
-164.116,0.365876,0.00335788,3,15,0,165.795,1.00064,0.999298,0.999762,1.00023,0.999556,0.952573
-163.365,0.408009,0.00335788,5,63,0,165.485,0.998584,0.997483,0.996831,0.99787,0.998081,0.997344
-164.543,0.373075,0.00335788,4,27,0,165.99,1.00107,0.999181,0.998674,0.999351,0.999834,0.972317
-164.543,2.67971e-05,0.00335788,2,3,0,169.238,1.00107,0.999181,0.998674,0.999351,0.999834,0.972317
-164.068,0.51383,0.00335788,2,7,0,168.862,0.999228,0.99902,0.99903,0.998821,0.998358,0.973924
-163.701,0.937854,0.00335788,5,43,0,165.655,0.999909,0.998349,0.997953,0.99891,0.99775,1.0308
-165.839,0.826522,0.00335788,5,47,0,168.194,1.00068,1.00057,1.00035,1.00025,1.0008,1.05934
-165.089,1,0.00335788,2,3,0,166.197,1.00096,1.0006,0.999732,1.00069,1.00084,1.05784
-163.365,0.988179,0.00335788,4,31,0,165.886,0.998558,0.998055,0.996593,0.998001,0.997958,1.01273
-164.801,0.287088,0.00335788,4,31,0,168.1,1.00029,0.999089,0.999067,0.999002,1.00004,0.978071
-164.801,0.229164,0.00335788,3,15,0,167.312,1.00029,0.999089,0.999067,0.999002,1.00004,0.978071
-164.784,0.312586,0.00335788,2,3,0,168.995,1.00006,1.00014,0.998262,0.99901,0.998922,0.976202
-163.139,0.766108,0.00335788,4,15,0,165.967,1.00075,0.999925,0.999302,0.999822,0.999844,0.94318
-162.472,0.297548,0.00335788,4,15,0,164.689,0.999286,0.998156,0.998038,0.998189,0.99796,0.960127
-162.472,0.0551358,0.00335788,4,23,0,166.342,0.999286,0.998156,0.998038,0.998189,0.99796,0.960127
-161.882,0.854704,0.00335788,3,15,0,162.785,0.999885,0.99897,0.99852,0.998898,0.998786,0.96546
-161.882,0.157596,0.00335788,3,11,0,171.231,0.999885,0.99897,0.99852,0.998898,0.998786,0.96546
-163.967,0.306939,0.00335788,3,11,0,166.933,0.999257,0.999083,0.997821,0.999092,0.99786,0.961745
-162.58,0.413434,0.00335788,5,39,0,167.494,0.999754,0.998962,0.99897,0.99894,0.998775,1.07619
-163.512,0.324463,0.00335788,5,39,0,165.671,1.00018,0.999023,0.998396,0.998255,0.998779,1.02072
-163.512,0.443661,0.00335788,1,3,0,168.238,1.00018,0.999023,0.998396,0.998255,0.998779,1.02072
-163.014,0.983574,0.00335788,3,11,0,164.154,0.999853,0.999449,0.99912,0.99983,0.998852,1.02065
-165.388,0.342832,0.00335788,2,3,0,166.671,1.00019,0.998921,0.997863,0.998294,0.999506,1.02207
-163.974,0.968124,0.00335788,4,15,0,166.148,1.00091,0.999893,0.999767,0.999336,0.999904,1.01351
-162.691,0.306694,0.00335788,3,7,0,165.02,1.00033,0.999334,0.998913,0.999942,0.998896,1.01335
-163.005,0.232599,0.00335788,4,23,0,166.501,0.998801,0.997579,0.996949,0.998236,0.997467,0.982071
-163.341,0.260618,0.00335788,3,15,0,165.199,1.00131,0.9999,0.999612,1.00023,0.999699,0.987866
-163.945,0.237485,0.00335788,4,27,0,168.085,0.998081,0.997641,0.997758,0.997819,0.997491,1.01763
-163.373,0.798347,0.00335788,3,11,0,165.079,0.99991,0.999539,0.999249,0.998857,0.999016,1.01787
-163.691,0.619963,0.00335788,5,39,0,167.254,0.999807,0.999059,0.999037,0.999847,0.999283,1.11116
-162.951,0.889834,0.00335788,2,3,0,164.385,1.00003,0.999591,0.998662,0.999223,0.998922,1.11202
-163.535,0.328127,0.00335788,4,31,0,166.001,0.99942,0.9983,0.998539,0.999099,0.998778,1.12234
-165.733,0.470489,0.00335788,4,15,0,166.909,0.999183,0.998057,0.996736,0.998941,0.997405,1.12638
-168.635,0.736894,0.00335788,3,15,0,169.645,0.997285,0.996664,0.997165,0.998186,0.997258,1.1167
-163.81,1,0.00335788,3,7,0,166.994,0.998223,0.997652,0.996541,0.997648,0.997293,1.12566
-164.959,0.552018,0.00335788,5,63,0,167.499,1.00046,1.00024,0.999472,0.999892,0.999774,1.18472
-168.058,0.428445,0.00335788,4,15,0,168.999,0.998738,0.997391,0.997058,0.998964,0.996972,1.18671
-164.981,0.674277,0.00335788,4,23,0,170.561,0.998035,0.997803,0.996725,0.997524,0.997652,1.17013
-168.538,0.323997,0.00335788,4,15,0,172.691,0.999772,0.99802,0.997805,0.996862,0.997746,1.16633
-164.487,0.832804,0.00335788,3,11,0,168.32,0.99961,0.998829,0.997638,0.998201,0.998665,1.16819
-166.013,0.559431,0.00335788,2,3,0,168.06,0.999378,0.998878,0.999002,0.999064,0.997889,1.17139
-165.396,0.462324,0.00335788,5,63,0,169.263,0.999249,0.997314,0.997514,0.998074,0.996942,1.01819
-168.022,0.747081,0.00335788,4,27,0,169.549,0.999827,1.00092,0.99849,0.999693,0.999838,1.03864
-164.627,0.864131,0.00335788,3,11,0,169.998,0.999234,0.997671,0.998824,0.998433,0.998564,1.04303
-165.17,0.879006,0.00335788,3,11,0,167.357,1.00055,1.00036,0.999487,1.00003,0.998766,1.05128
-165.156,0.777438,0.00335788,5,59,0,167.922,1.00146,0.999349,0.998946,1.0001,0.99999,0.97388
-166.989,0.883018,0.00335788,2,3,0,168.027,1.00034,1.00097,1.00027,1.00058,0.999807,0.97672
-163.793,0.647519,0.00335788,3,11,0,169.533,0.999998,0.9986,0.998461,0.999837,0.999044,0.967791
-162.833,0.806929,0.00335788,2,7,0,165.209,0.999185,0.998483,0.997703,0.999088,0.998522,0.967664
-163.646,0.683196,0.00335788,6,79,0,164.774,0.998717,0.998361,0.997903,0.997566,0.997808,1.04362
-162.69,0.74522,0.00335788,5,35,0,163.407,1.00071,0.999552,0.99877,0.99964,0.998957,1.0277
-163.951,0.409882,0.00335788,3,15,0,166.913,0.998233,0.997481,0.997551,0.997188,0.997647,1.022
-162.976,0.988746,0.00335788,2,3,0,163.993,0.999185,0.997839,0.99685,0.998382,0.99783,1.02261
-162.976,0.00913403,0.00335788,1,3,0,170.137,0.999185,0.997839,0.99685,0.998382,0.99783,1.02261
-168.157,0.496185,0.00335788,5,47,0,170.225,0.999761,0.997395,0.996439,0.997701,0.996805,1.11042
-166.253,0.78592,0.00335788,2,3,0,169.639,0.99818,0.997489,0.99716,0.998636,0.996898,1.10941
-164.228,0.616395,0.00335788,5,47,0,167.701,1.00153,0.999592,0.999794,0.999882,1.00003,1.06397
-168.108,0.646031,0.00335788,3,7,0,168.827,1.00092,1.00164,1.00041,1.00065,1.00107,1.05799
-167.169,0.309928,0.00335788,4,31,0,174.988,1.0019,1.00039,0.998905,0.999914,0.999381,1.09392
-165.887,0.972365,0.00335788,4,23,0,167.951,0.99935,0.9969,0.996696,0.998316,0.997581,1.06049
-164.077,0.703334,0.00335788,5,39,0,169.163,0.999788,0.99888,0.998438,0.998951,0.998789,1.19193
-164.077,0.201511,0.00335788,2,3,0,168.869,0.999788,0.99888,0.998438,0.998951,0.998789,1.19193
-164.493,0.379399,0.00335788,5,59,0,169.142,0.999369,0.998678,0.99722,0.999358,0.998512,1.10625
-166.64,0.907977,0.00335788,5,43,0,167.787,0.999742,1.00001,0.998587,0.998552,0.998923,1.19158
-166.128,0.753738,0.00335788,4,23,0,169.979,0.999723,0.997283,0.996824,0.998271,0.998174,1.1431
-165.765,0.791658,0.00335788,2,3,0,167.512,0.999105,0.99776,0.997178,0.996959,0.998045,1.14361
-165.746,1,0.00335788,2,3,0,166.598,0.999102,0.998285,0.997323,0.997169,0.997364,1.14331
-166.031,0.954677,0.00335788,5,39,0,169.734,1.0002,0.998195,0.998161,0.999377,0.998356,1.20468
-168.032,0.621747,0.00335788,2,3,0,169.693,0.999303,0.998379,0.999682,0.998452,0.998524,1.20343
-165.405,1,0.00335788,2,3,0,168.143,0.999266,0.998517,0.998571,0.99912,0.998997,1.20578
-164.141,0.82877,0.00335788,4,23,0,167.973,0.999444,0.99862,0.998384,0.999333,0.99853,1.16737
-164.987,0.954895,0.00335788,3,15,0,166.112,1.00052,0.9999,0.998983,0.999192,0.998875,1.16979
-165.045,0.73199,0.00335788,4,15,0,166.592,1.00014,0.998413,0.998538,0.998093,0.998698,1.15464
-164.841,0.925936,0.00335788,3,15,0,166.598,1.00026,1.00008,0.998507,0.999262,0.999283,1.1626
-164.31,0.284894,0.00335788,4,15,0,169.424,0.999079,0.997812,0.99786,0.99846,0.998178,1.17965
-167.329,0.523786,0.00335788,4,27,0,170.702,0.999532,0.999324,0.998962,0.999138,0.999444,1.27286
-167.693,0.444309,0.00335788,2,3,0,169.62,1.00077,0.998971,0.998022,0.999189,0.998608,1.26827
-166.645,0.624708,0.00335788,3,15,0,170.886,0.999713,0.997943,0.998484,0.998938,0.998228,1.24738
-165.578,0.849673,0.00335788,3,11,0,168.327,0.999364,0.99879,0.997923,0.998271,0.99871,1.22874
-165.836,0.629936,0.00335788,2,3,0,169.52,0.998973,0.997582,0.997857,0.99836,0.997974,1.23095
-166.866,0.612088,0.00335788,2,7,0,168.653,0.998491,0.998007,0.996637,0.997047,0.997291,1.23398
-168.22,0.492287,0.00335788,2,3,0,170.092,0.998383,0.998193,0.997504,0.998292,0.996693,1.23667
-166.634,0.987597,0.00335788,4,15,0,170.715,0.998228,0.997386,0.996869,0.997163,0.998074,1.21103
-163.733,0.766541,0.00335788,5,63,0,169.235,1.00017,0.999517,0.999384,0.999305,0.99916,1.13907
-165.909,0.535988,0.00335788,2,3,0,167.015,1.00116,0.998662,0.998584,0.99979,0.999073,1.13848
-165.546,0.216451,0.00335788,2,7,0,171.397,0.99918,0.998271,0.998213,0.999671,0.998837,1.1344
-165.546,0.375635,0.00335788,1,3,0,167.706,0.99918,0.998271,0.998213,0.999671,0.998837,1.1344
-162.571,0.711643,0.00335788,5,63,0,165.845,0.998582,0.997493,0.99712,0.997692,0.997832,1.03039
-164.959,0.499377,0.00335788,2,7,0,166.853,0.99886,0.996984,0.996138,0.996962,0.997169,1.02983
-165.956,0.174578,0.00335788,5,63,0,173.369,0.997823,0.998614,0.997614,0.997701,0.997739,1.07172
-162.833,0.740531,0.00335788,5,37,0,172.795,0.999357,0.999311,0.998313,0.999216,0.998937,0.9765
-163.799,0.766298,0.00335788,5,39,0,165.691,1.00047,0.999474,0.99985,0.99998,0.999682,0.948398
-163.542,0.882049,0.00335788,4,15,0,164.928,1.00003,0.999169,0.997786,0.999402,0.998905,0.938893
-163.078,0.135736,0.00335788,4,19,0,165.376,0.999677,0.998348,0.998255,0.999152,0.998317,0.937894
-162.202,0.952885,0.00335788,4,23,0,162.983,0.999739,0.998746,0.998127,0.999074,0.998348,0.958096
-163.152,0.204168,0.00335788,5,47,0,165.207,0.999373,0.9975,0.997635,0.998501,0.998048,1.00313
-167.87,0.387404,0.00335788,5,63,0,168.872,1.00016,1.00099,0.999331,1.00042,0.999201,0.95537
-167.43,0.536424,0.00335788,2,7,0,173.153,1.0005,0.997676,0.998772,0.999218,0.999165,0.953373
-166.143,0.206972,0.00335788,3,15,0,170.622,1.00128,0.999107,0.999543,0.99969,1.00045,0.976413
-163.183,0.572705,0.00335788,5,63,0,169.307,0.99987,0.999439,0.999294,0.99957,0.998862,1.07821
-165.141,0.742111,0.00335788,4,15,0,166.416,0.997886,0.997575,0.997951,0.997736,0.997529,1.06149
-163.98,0.836938,0.00335788,3,15,0,166.218,0.999737,0.998503,0.996895,0.998619,0.99842,1.06604
-163.559,0.927896,0.00335788,2,7,0,165.748,0.999771,0.999319,0.997981,0.998771,0.998019,1.06467
-163.718,0.867606,0.00335788,3,11,0,165.102,1.00049,0.998498,0.999108,0.99906,0.999355,1.07059
-162.365,0.935579,0.00335788,2,7,0,164.971,0.999346,0.998691,0.998029,0.999083,0.99827,1.06783
-165.349,0.33634,0.00335788,4,31,0,167.97,1.00012,0.998853,0.998095,0.998547,0.999701,0.973932
-163.83,0.990095,0.00335788,3,11,0,165.312,0.999969,0.99887,0.999139,0.999373,0.998345,0.977905
-163.572,0.103339,0.00335788,5,55,0,169.416,0.9998,0.999245,0.998513,0.99904,0.999702,1.02108
-163.572,0.00319033,0.00335788,1,1,0,167.752,0.9998,0.999245,0.998513,0.99904,0.999702,1.02108
-164.856,0.801026,0.00335788,5,39,0,165.736,1.00025,0.999459,0.999768,0.999166,0.998931,0.94926
-164.138,0.991395,0.00335788,4,27,0,165.193,0.998824,0.998581,0.996703,0.998485,0.998094,0.978163
-164.138,0.124739,0.00335788,3,11,0,168.698,0.998824,0.998581,0.996703,0.998485,0.998094,0.978163
-164.138,0.252883,0.00335788,3,15,0,166.908,0.998824,0.998581,0.996703,0.998485,0.998094,0.978163
-165.697,0.521925,0.00335788,2,3,0,167.759,0.999137,0.998243,0.998282,0.999186,0.997468,0.981038
-162.235,1,0.00335788,4,19,0,164.193,1.0001,0.999334,0.998717,0.999781,0.998986,0.999099
-161.815,0.490605,0.00335788,2,7,0,165.738,0.999469,0.998493,0.997612,0.998539,0.998202,0.999027
-161.815,0.329398,0.00335788,2,3,0,164.543,0.999469,0.998493,0.997612,0.998539,0.998202,0.999027
-161.815,0.0956317,0.00335788,2,7,0,164.903,0.999469,0.998493,0.997612,0.998539,0.998202,0.999027
-163.617,0.711557,0.00335788,6,63,0,164.18,1.00075,0.999078,0.998873,0.999688,0.998998,1.11877
-162.735,0.958005,0.00335788,2,7,0,163.873,0.999355,0.998873,0.998109,0.998843,0.998687,1.11387
-162.102,0.848713,0.00335788,5,61,0,163.634,0.999458,0.998716,0.998226,0.998712,0.998756,1.07079
-162.102,0.318882,0.00335788,3,15,0,166.69,0.999458,0.998716,0.998226,0.998712,0.998756,1.07079
-162.257,0.950526,0.00335788,4,23,0,162.703,0.999089,0.998744,0.998029,0.99854,0.998165,1.05586
-164.113,0.325613,0.00335788,5,39,0,167.008,0.999628,0.999153,0.998972,0.998438,0.998428,0.973559
-162.946,0.238937,0.00335788,5,39,0,166.31,0.998926,0.998576,0.997701,0.998501,0.998667,1.07417
-162.079,0.636415,0.00335788,2,3,0,164.922,0.999721,0.998927,0.998096,0.998985,0.998794,1.07529
-167.096,0.122309,0.00335788,3,7,0,169.59,1.00078,1.00093,0.999671,1.00024,1.00103,1.08793
-165.264,0.941786,0.00335788,3,7,0,167.275,1.00148,0.999744,1.00015,1.00007,0.999384,1.09127
-164.746,0.89055,0.00335788,5,63,0,167.015,1.00149,1.00014,1.00006,1.00091,0.999731,1.07382
-164.239,0.980563,0.00335788,5,47,0,166.05,1.00079,1.00018,1.00019,1.00054,0.99959,0.99677
-161.979,0.187178,0.00335788,4,27,0,168.999,0.999891,0.998499,0.998038,0.998544,0.998604,1.01464
-162.386,0.283169,0.00335788,4,31,0,164.439,0.998799,0.998216,0.997402,0.997944,0.997561,1.02705
-162.513,0.765656,0.00335788,5,39,0,163.584,1.00025,0.999885,0.998844,0.999787,0.999354,0.988372
-164.539,0.418139,0.00335788,5,39,0,166.009,0.999579,0.997742,0.998655,0.998526,0.99787,1.01908
-163.825,0.679299,0.00335788,4,23,0,167.917,1.00081,0.999404,0.998132,0.999787,0.999383,1.03859
-163.914,0.390719,0.00335788,4,31,0,167.037,0.999013,0.997368,0.997723,0.998193,0.99736,0.989519
-163.733,0.797575,0.00335788,2,3,0,164.671,0.999401,0.997579,0.997325,0.998157,0.997395,0.988585
-167.986,0.0714586,0.00335788,4,23,0,171.512,1.00019,0.997575,0.996989,0.997585,0.997612,0.981864
-162.575,1,0.00335788,2,3,0,166.098,0.998697,0.998392,0.997617,0.998511,0.997888,0.981192
-163.256,0.77609,0.00335788,2,3,0,163.559,0.998383,0.998333,0.997483,0.998048,0.998081,0.980746
-163.574,0.511603,0.00335788,5,63,0,165.037,0.998374,0.997592,0.997707,0.997533,0.997871,0.992132
-164.226,0.952702,0.00335788,3,7,0,165.432,0.998984,0.997285,0.996402,0.99797,0.997308,0.996511
-164.096,0.159895,0.00335788,5,43,0,168.292,0.999084,0.998543,0.999063,0.999063,0.998557,1.05079
-162.493,0.803153,0.00335788,2,3,0,165.665,1.00013,0.998548,0.99803,0.999139,0.998813,1.05481
-164.537,0.351633,0.00335788,2,7,0,166.468,0.999697,0.999038,0.997579,0.999483,0.997922,1.05537
-162.895,0.942109,0.00335788,5,55,0,165.473,0.999863,0.999476,0.998452,0.999785,0.998694,1.02004
-163.286,0.48973,0.00335788,5,47,0,167.181,0.998948,0.997953,0.997957,0.998741,0.997818,1.08666
-164.471,0.404545,0.00335788,5,47,0,167.683,0.998065,0.996797,0.996667,0.997032,0.996647,0.964995
-163.237,0.0737747,0.00335788,4,19,0,169.128,1.00055,0.999094,0.999103,0.999525,0.99892,0.939632
-169.883,0.00616858,0.00335788,3,9,0,173.553,0.999305,0.998547,0.999875,0.999678,0.998542,0.933903
-164.379,0.043537,0.00335788,5,35,0,170.404,1.00006,0.998569,0.998329,0.999664,0.998412,0.938212
-164.48,0.244123,0.00335788,3,15,0,168.296,0.999784,0.998721,0.998711,0.998668,0.999553,0.947691
-163.706,0.788863,0.00335788,5,47,0,167.873,1.00047,0.99992,0.998447,0.999534,0.998677,1.03224
-163.706,0.169023,0.00335788,2,7,0,172.398,1.00047,0.99992,0.998447,0.999534,0.998677,1.03224
-167.007,0.124945,0.00335788,5,35,0,169.74,1.00081,0.999283,0.999275,0.999786,0.998128,1.1098
-165.395,1,0.00335788,1,1,0,167.396,1.0009,0.999127,0.999001,0.999087,0.998424,1.10953
-164.766,0.412959,0.00335788,3,11,0,168.086,1.00123,0.999351,0.999692,0.999482,0.999226,1.09918
-164.632,0.843773,0.00335788,3,11,0,166.987,1.00018,0.998476,0.997591,0.99846,0.999174,1.09552
-165.208,0.822546,0.00335788,4,27,0,166.748,1.00005,0.999391,0.999616,0.999057,1.00005,1.07856
-165.842,0.298224,0.00335788,5,39,0,172.222,0.998182,0.996895,0.997169,0.998442,0.997634,1.01781
-164.823,0.394222,0.00335788,4,31,0,167.677,1.00009,1,0.999375,1.00042,0.998981,0.993808
-165.715,0.806418,0.00335788,2,3,0,168.233,0.999939,0.999636,0.999179,0.999451,1.00031,0.992261
-164.887,0.40079,0.00335788,4,27,0,168.24,0.998346,0.998258,0.997803,0.998922,0.998304,0.980591
-164.36,1,0.00335788,2,3,0,165.507,0.999667,0.9987,0.997608,0.997921,0.997687,0.980963
-163.993,0.899163,0.00335788,5,63,0,166.416,0.999115,0.997699,0.997199,0.998901,0.998244,1.00587
-163.529,0.434693,0.00335788,4,27,0,165.312,1.00083,1.00021,0.998797,1.00022,0.999408,1.02306
-165.813,0.185447,0.00335788,3,11,0,169.142,0.998281,0.996094,0.996252,0.997234,0.996955,1.01312
-163.647,0.563335,0.00335788,3,7,0,168.425,0.998534,0.997669,0.997651,0.997289,0.997883,1.02629
-163.019,0.533398,0.00335788,4,31,0,166.673,1.00047,0.99918,0.998822,0.999688,0.999754,0.970208
-163.264,0.373217,0.00335788,5,31,0,165.094,0.99931,0.997679,0.997859,0.998162,0.997773,0.950039
-163.534,0.791116,0.00335788,3,15,0,165.131,0.999673,0.998511,0.997427,0.998145,0.998401,0.932805
-162.969,0.647906,0.00335788,4,23,0,164.123,0.999874,0.99883,0.999185,0.99931,0.999084,0.958255
-163.725,0.150063,0.00335788,4,31,0,165.718,0.999651,0.998109,0.997411,0.997864,0.99859,0.98773
-165.662,0.823347,0.00335788,5,51,0,168.294,0.99948,0.999568,0.997443,0.998952,0.998864,1.16962
-164.799,0.850477,0.00335788,2,3,0,167.58,0.999133,0.998574,0.998625,0.999253,0.998485,1.1705
-166.444,0.925316,0.00335788,2,7,0,168.445,0.998773,0.998842,0.996816,0.9976,0.997331,1.16845
-169.335,0.938542,0.00335788,3,15,0,171.088,0.997613,0.995307,0.996272,0.995794,0.996464,1.16859
-164.805,0.241096,0.00335788,3,7,0,173.618,0.999286,0.997802,0.997531,0.998157,0.998596,1.18058
-164.993,0.930327,0.00335788,4,23,0,166.118,0.999555,0.997968,0.998043,0.998135,0.998996,1.15789
-165.368,0.901867,0.00335788,2,7,0,166.687,0.998855,0.998638,0.998125,0.998923,0.999122,1.15661
-167.379,0.716078,0.00335788,3,11,0,169.597,1.00142,0.999529,0.999481,1.00067,0.998968,1.16183
-165.238,1,0.00335788,2,7,0,167.618,1.00079,1.00014,0.998853,0.999619,0.99891,1.16172
-165.969,0.603175,0.00335788,2,3,0,169.391,0.999653,0.999798,0.997587,0.999154,0.999136,1.16363
-164.016,0.876382,0.00335788,4,15,0,170.307,0.999985,0.998883,0.998233,0.99874,0.99802,1.13526
-164.016,0.98569,0.00335788,3,11,0,164.684,0.999793,0.997917,0.998321,0.998741,0.998531,1.14338
-162.014,0.613249,0.00335788,5,47,0,166.063,0.999672,0.998642,0.997807,0.998566,0.998725,1.02923
-163.398,0.279473,0.00335788,5,47,0,164.451,0.999823,0.998662,0.99868,0.999787,0.998753,1.06572
-168.225,0.402188,0.00335788,5,35,0,170.206,1.00109,0.998672,0.99795,0.998343,0.998218,1.02015
-162.595,1,0.00335788,2,3,0,166.02,1.00038,0.998646,0.99826,0.99927,0.99878,1.01881
-164.479,0.674651,0.00335788,2,7,0,165.939,0.99971,1.00029,0.998614,0.999575,0.999149,1.01887
-163.39,0.888109,0.00335788,3,11,0,166.245,0.99898,0.997527,0.998102,0.998314,0.998327,1.02239
-165.964,0.515284,0.00335788,3,11,0,166.517,0.99972,0.998669,0.999406,1.00009,0.999591,1.01557
-164.801,0.596884,0.00335788,3,15,0,167.408,0.999305,0.997555,0.996398,0.997349,0.997524,1.02352
-164.801,0.317551,0.00335788,2,3,0,170.27,0.999305,0.997555,0.996398,0.997349,0.997524,1.02352
-166.862,0.707775,0.00335788,2,3,0,168.463,0.998896,0.996507,0.997742,0.998208,0.997505,1.02464
-164.043,0.565323,0.00335788,4,23,0,167.62,1.00024,1.00003,0.998215,0.999744,0.99953,0.995863
-162.548,0.939458,0.00335788,3,7,0,163.909,1.00055,0.999589,0.998773,0.999467,0.999665,0.997041
-163.709,0.697745,0.00335788,5,43,0,164.377,1.00023,0.999162,0.999276,1.00004,0.999122,0.946182
-162.641,0.171015,0.00335788,4,15,0,166.465,0.998754,0.997714,0.996981,0.99795,0.997551,0.958438
-162.641,0.040959,0.00335788,4,15,0,166.234,0.998754,0.997714,0.996981,0.99795,0.997551,0.958438
-162.641,0.0674372,0.00335788,3,15,0,165.748,0.998754,0.997714,0.996981,0.99795,0.997551,0.958438
-164.088,0.0426321,0.00335788,6,67,0,165.98,1.0012,1.00024,1.00025,1.00008,1.00011,0.969966
-164.517,0.590432,0.00335788,3,15,0,166.391,1.00108,0.999718,1.00015,1.00003,1.00033,0.961861
-164.517,0.0246903,0.00335788,3,7,0,168.417,1.00108,0.999718,1.00015,1.00003,1.00033,0.961861
-164.517,0.000323579,0.00335788,2,3,0,171.061,1.00108,0.999718,1.00015,1.00003,1.00033,0.961861
-166.2,0.22214,0.00335788,4,15,0,167.851,0.998807,0.996854,0.996046,0.996666,0.997333,0.994637
-163.481,0.273379,0.00335788,4,31,0,168.943,0.998637,0.997365,0.996902,0.997165,0.997514,0.96734
-165.014,0.868846,0.00335788,3,7,0,166.383,0.998586,0.996727,0.996569,0.996806,0.996947,0.972063
-164.149,0.236885,0.00335788,3,7,0,166.053,0.99869,0.997117,0.997013,0.997038,0.997187,0.971051
-163.501,0.808258,0.00335788,3,7,0,165.576,0.998728,0.997223,0.996745,0.998002,0.997393,0.97633
-162.767,0.349552,0.00335788,3,15,0,165.458,0.998417,0.997802,0.997235,0.997989,0.997758,0.962621
-162.341,0.936345,0.00335788,2,7,0,163.37,0.999142,0.998571,0.998267,0.998584,0.998535,0.962361
-162.341,0.000519701,0.00335788,2,3,0,166.491,0.999142,0.998571,0.998267,0.998584,0.998535,0.962361
-162.707,0.289334,0.00335788,4,31,0,164.58,0.999669,0.998903,0.99829,0.998304,0.998856,0.99413
-162.421,0.953706,0.00335788,5,63,0,163.024,0.999278,0.998319,0.99794,0.999106,0.998335,1.01673
-164.888,0.202539,0.00335788,4,15,0,167.495,0.999132,0.996914,0.996534,0.997857,0.997477,1.00497
-163.134,0.790457,0.00335788,2,3,0,165.65,0.998264,0.998158,0.997031,0.997682,0.997692,1.00745
-164.124,0.312297,0.00335788,3,7,0,165.077,0.997618,0.997186,0.996658,0.997439,0.997302,1.00689
-163.482,0.539073,0.00335788,4,15,0,167.11,1.00102,1.00026,0.999249,0.999759,0.999516,0.986747
-163.482,0.0532827,0.00335788,3,7,0,166.544,1.00102,1.00026,0.999249,0.999759,0.999516,0.986747
-165.746,0.526676,0.00335788,5,47,0,167.256,1.00111,1.00003,1.00009,1.00078,0.999171,1.05624
-163.258,0.889071,0.00335788,4,15,0,166.779,0.999886,0.998131,0.998533,0.999116,0.998414,1.0725
-163.11,0.997983,0.00335788,4,23,0,164.016,0.999087,0.998764,0.997473,0.998128,0.99824,1.09719
-163.11,0.0524234,0.00335788,2,3,0,170.778,0.999087,0.998764,0.997473,0.998128,0.99824,1.09719
-162.982,1,0.00335788,3,7,0,163.386,0.998905,0.998307,0.99742,0.998615,0.998366,1.09718
-165.452,0.416618,0.00335788,4,15,0,168.206,1.00106,1.00082,0.99983,0.999718,1.00013,1.11339
-162.956,0.869989,0.00335788,4,15,0,165.715,0.998799,0.997646,0.996932,0.997983,0.997821,1.09614
-163.463,0.454333,0.00335788,5,63,0,164.973,1.00085,0.999438,0.998935,1.00033,0.999431,1.06188
-164.404,0.859723,0.00335788,3,11,0,166.037,0.999382,0.999616,0.997791,0.998607,0.998089,1.05658
-164.38,0.663488,0.00335788,2,3,0,166.984,0.998781,0.998638,0.998187,0.999167,0.998949,1.0572
-166.266,0.896904,0.00335788,2,7,0,167.482,0.999914,0.999008,0.997869,0.998356,0.997336,1.05393
-163.163,1,0.00335788,4,27,0,166.722,1.00008,0.9991,0.998014,0.999422,0.99912,1.10758
-165.311,0.282136,0.00335788,3,11,0,169.159,1.00164,1.00042,0.999907,1.00131,1.00036,1.11125
-166.424,0.775086,0.00335788,2,3,0,167.45,1.00077,1.00068,1.00067,1.0005,1.00085,1.11351
-163.928,0.914787,0.00335788,3,7,0,167.71,1.00033,0.999551,0.99989,1.00006,0.999589,1.10474
-164.281,0.674368,0.00335788,4,23,0,165.637,0.999946,0.99861,0.997824,0.997981,0.998102,1.11742
-164.565,0.673552,0.00335788,3,11,0,168.87,1.00052,0.99884,0.998092,0.999972,0.999093,1.0964
-169.928,0.509852,0.00335788,2,7,0,171.169,1.00115,0.999128,0.9969,0.998891,0.998663,1.09777
-165.608,0.827994,0.00335788,2,3,0,169.32,0.998902,0.998622,0.999304,0.99869,0.998785,1.08961
-167.38,0.568987,0.00335788,5,55,0,170.178,1.00157,0.999657,0.998746,1.00078,0.999244,1.13443
-166.514,0.756496,0.00335788,3,11,0,168.314,1.00091,0.999048,0.997863,0.998599,0.998489,1.1422
-164.46,0.976562,0.00335788,5,43,0,167.91,0.998583,0.997762,0.998098,0.997851,0.998565,1.04446
-163.365,0.680018,0.00335788,5,43,0,166.077,1.00024,1.00008,0.99901,0.999499,0.999336,1.09758
-163.037,0.379712,0.00335788,5,47,0,167.05,0.99887,0.997883,0.997049,0.997346,0.997603,1.0384
-164.956,0.644308,0.00335788,5,55,0,167.213,1.00072,0.999829,0.998406,0.999178,0.999964,1.07918
-163.421,0.534869,0.00335788,5,63,0,168.502,0.999641,0.999118,0.99881,0.999919,0.998805,1.03843
-163.301,0.980397,0.00335788,4,31,0,164.4,1.00103,1.00037,0.999476,1.00057,1.00006,1.02219
-162.955,0.542746,0.00335788,3,7,0,165.06,0.999657,0.999357,0.998362,0.998569,0.999025,1.03196
-166.973,0.222163,0.00335788,5,35,0,171.098,0.997742,0.997837,0.997552,0.997966,0.998517,1.07225
-164.624,0.847551,0.00335788,5,43,0,167.391,0.999321,0.997932,0.996997,0.998267,0.99707,1.0798
-165.583,0.523633,0.00335788,5,39,0,168.794,1.00008,1.00017,0.999868,0.999234,0.999544,1.11939
-169.197,0.444549,0.00335788,5,63,0,170.712,0.997891,0.996682,0.996708,0.998638,0.99713,1.19399
-164.766,0.922435,0.00335788,3,11,0,171.502,0.999635,0.998468,0.997891,0.999283,0.998437,1.19365
-167.121,0.280666,0.00335788,2,7,0,168.698,0.999328,0.998682,0.9981,0.997331,0.99799,1.19719
-164.605,0.697733,0.00335788,4,19,0,167.97,1.00031,0.998584,0.998006,0.999397,0.998561,1.16109
-164.042,0.810565,0.00335788,4,19,0,165.613,0.999649,0.998679,0.997844,0.99938,0.998107,1.13067
-162.813,0.528482,0.00335788,6,67,0,164.815,1.00085,0.999189,0.998988,0.999817,0.999376,0.989543
-164.086,0.597424,0.00335788,6,65,0,165.749,0.999531,0.998015,0.997,0.998283,0.998032,1.14224
-163.604,0.725316,0.00335788,4,23,0,166.408,0.999549,0.998672,0.997419,0.998135,0.997909,1.11368
-163.604,0.213774,0.00335788,2,3,0,166.316,0.999549,0.998672,0.997419,0.998135,0.997909,1.11368
-163.242,0.372418,0.00335788,3,11,0,167.12,1.00013,0.999113,0.998739,0.999488,0.999598,1.11241
-164.547,0.353317,0.00335788,3,11,0,167.195,1.00026,0.99902,0.997891,0.999538,0.998262,1.12049
-164.154,0.998227,0.00335788,4,31,0,165.772,0.999586,0.997586,0.997566,0.99835,0.998284,1.13886
-167.285,0.393298,0.00335788,3,15,0,169.746,0.999292,0.999974,0.997484,0.998374,0.998717,1.1425
-163.777,1,0.00335788,2,3,0,166.864,0.999663,0.999203,0.998284,0.999651,0.998841,1.14111
-162.23,0.977926,0.00335788,5,63,0,166.856,0.999031,0.998064,0.997706,0.998561,0.998308,1.05308
-162.147,0.873786,0.00335788,4,23,0,163.581,0.999441,0.998572,0.998247,0.998899,0.998321,1.072
-163.421,0.487944,0.00335788,5,47,0,165.107,1.00057,0.999472,0.99869,0.998812,0.998867,1.04617
-162.697,0.415898,0.00335788,5,55,0,164.41,0.999571,0.998765,0.998838,0.998652,0.998967,1.05085
-162.697,0.0725669,0.00335788,1,1,0,164.906,0.999571,0.998765,0.998838,0.998652,0.998967,1.05085
-163.5,0.731521,0.00335788,5,53,0,164.669,0.998832,0.998468,0.998157,0.998608,0.998047,1.12477
-164.278,0.861767,0.00335788,4,23,0,165.701,1.00016,0.999265,0.997557,0.998847,0.998262,1.09652
-162.556,0.957902,0.00335788,2,3,0,164.699,0.999704,0.998466,0.997966,0.998783,0.998794,1.09849
-162.295,0.403878,0.00335788,5,43,0,164.264,0.999845,0.998256,0.998096,0.998434,0.998673,1.02079
-164.71,0.379404,0.00335788,5,55,0,166.401,0.99834,0.998045,0.99634,0.998239,0.997921,1.07606
-164.583,0.469959,0.00335788,2,3,0,169.541,0.997728,0.997208,0.997228,0.997816,0.997295,1.07099
-162.629,0.675637,0.00335788,5,47,0,165.81,0.998291,0.997658,0.997007,0.997696,0.997645,1.01846
-162.629,0.412636,0.00335788,2,3,0,164.235,0.998291,0.997658,0.997007,0.997696,0.997645,1.01846
-161.965,0.551456,0.00335788,3,7,0,163.804,0.999293,0.998356,0.997882,0.998167,0.998037,1.01857
-161.988,0.861059,0.00335788,4,27,0,162.321,1.00004,0.999272,0.998423,0.999098,0.999163,1.03228
-164.18,0.122116,0.00335788,2,3,0,165.796,1,0.999336,0.99952,0.998734,0.999337,1.03202
-165.421,0.675452,0.00335788,3,7,0,167.868,1.00008,0.999755,0.998959,0.998893,1.00008,1.03359
-163.049,0.428586,0.00335788,3,15,0,166.237,0.999938,0.999004,0.999394,0.99941,0.999439,1.02635
-163.049,0.126118,0.00335788,2,3,0,170.371,0.999938,0.999004,0.999394,0.99941,0.999439,1.02635
-166.549,0.500023,0.00335788,3,11,0,168.647,0.997662,0.998555,0.99663,0.997748,0.99772,1.02035
-164.365,0.683452,0.00335788,4,15,0,167.988,1.00101,0.99878,0.998513,0.999005,0.999142,1.00112
-164.365,0.297663,0.00335788,1,3,0,168.232,1.00101,0.99878,0.998513,0.999005,0.999142,1.00112
-164.365,0.104059,0.00335788,2,7,0,167.591,1.00101,0.99878,0.998513,0.999005,0.999142,1.00112
-163.395,0.296793,0.00335788,4,23,0,166.466,0.999661,0.999212,0.998378,0.998218,0.99872,1.01502
-163.395,0.293862,0.00335788,2,7,0,167.199,0.999661,0.999212,0.998378,0.998218,0.99872,1.01502
-163.026,0.374034,0.00335788,2,7,0,165.322,0.998774,0.997893,0.998032,0.998637,0.997943,1.01604
-162.709,0.628545,0.00335788,5,47,0,163.866,0.999816,0.999413,0.998478,0.999736,0.999226,0.990753
-162.301,0.528194,0.00335788,2,3,0,164.9,1.00041,0.999438,0.998531,0.999136,0.999037,0.993854
-164.693,0.214031,0.00335788,4,15,0,165.648,0.999343,0.99773,0.997356,0.999088,0.997833,0.982399
-162.706,0.869255,0.00335788,3,11,0,163.626,1.00026,0.999761,0.998512,0.999435,0.999002,0.96942
-162.402,0.339681,0.00335788,3,9,0,169.099,0.999442,0.998998,0.998602,0.99904,0.998725,0.956361
-163.399,0.210504,0.00335788,4,31,0,168.516,0.99873,0.998344,0.996836,0.997807,0.997442,0.976638
-163.399,0.000937685,0.00335788,2,3,0,168.852,0.99873,0.998344,0.996836,0.997807,0.997442,0.976638
-165.424,0.226085,0.00335788,5,41,0,168.626,0.998378,0.997252,0.997723,0.998053,0.9985,1.07211
-165.424,0.194334,0.00335788,2,7,0,169.408,0.998378,0.997252,0.997723,0.998053,0.9985,1.07211
-166.345,0.171931,0.00335788,4,15,0,171.84,0.997374,0.998102,0.996577,0.997733,0.996825,1.07998
-166.852,0.737253,0.00335788,3,15,0,168.798,0.998343,0.995932,0.996383,0.997411,0.996717,1.08582
-165.788,0.669614,0.00335788,4,31,0,170.782,0.998273,0.99622,0.996797,0.997569,0.996887,1.06731
-168.238,0.182369,0.00335788,2,3,0,170.471,0.997903,0.997579,0.997116,0.996015,0.996934,1.06899
-163.734,1,0.00335788,3,7,0,167.551,0.999271,0.998026,0.997183,0.998716,0.997467,1.06521
-163.925,0.762179,0.00335788,4,23,0,166.505,0.999408,0.997694,0.997601,0.997431,0.997925,1.077
-165.901,0.925091,0.00335788,3,15,0,166.518,1.002,0.999944,0.999848,0.999776,1.00021,1.07805
-166.259,0.708767,0.00335788,5,43,0,169.405,0.997854,0.997102,0.995773,0.996992,0.997754,1.03557
-164.975,0.26983,0.00335788,2,3,0,168.051,0.998449,0.997665,0.996765,0.996607,0.997294,1.03585
-168.224,0.616591,0.00335788,4,15,0,170.174,1.00207,1.00036,0.998964,1.00015,1.00081,1.01567
-167.968,0.786316,0.00335788,5,47,0,172.034,0.998286,0.996582,0.994915,0.997285,0.99671,1.09915
-168.327,0.693752,0.00335788,3,7,0,171.109,0.997948,0.997446,0.997665,0.99623,0.997208,1.10427
-163.512,0.616466,0.00335788,4,15,0,167.808,1.00034,0.999495,0.9995,0.99959,0.999636,1.12648
-163.592,0.893312,0.00335788,3,11,0,165.758,1.00015,0.998434,0.997823,0.998868,0.998832,1.1227
-162.668,0.782775,0.00335788,5,55,0,166.539,0.998929,0.998121,0.997219,0.998179,0.997481,1.0689
-165.203,0.261158,0.00335788,4,31,0,167.718,1.00162,0.999716,0.999458,0.999769,1.00045,1.01961
-163.396,0.258296,0.00335788,5,47,0,168.352,1.00044,1.00017,0.99894,1.00034,0.999579,1.02912
-164.462,0.21673,0.00335788,5,63,0,167.782,1.00068,0.999955,0.999804,0.999577,0.999668,1.15198
-168.798,0.435746,0.00335788,3,15,0,169.988,1.00131,1.00074,0.998827,0.999009,0.999771,1.16097
-167.928,1,0.00335788,2,3,0,169.688,1.00076,0.999598,0.999994,1.00113,1.00072,1.16178
-165.587,0.921702,0.00335788,3,15,0,169.342,0.999138,0.998854,0.998448,0.997816,0.998388,1.16718
-167.72,0.94681,0.00335788,4,23,0,168.938,0.999438,0.999634,0.999004,0.998278,0.99909,1.21887
-165.897,0.883294,0.00335788,5,35,0,170.285,0.999544,0.998839,0.997118,0.999089,0.997684,1.16564
-166.365,0.382444,0.00335788,4,27,0,171.778,1.0004,0.998349,0.998747,0.998661,0.998691,1.23078
-167.152,0.372632,0.00335788,2,3,0,169.4,0.998788,0.998945,0.997251,0.998434,0.998807,1.22968
-165.801,0.957116,0.00335788,2,3,0,167.988,0.999641,0.998697,0.99743,0.998241,0.998053,1.22913
-165.786,0.739829,0.00335788,4,31,0,168.289,1.00045,0.998931,0.998875,0.999637,0.999826,1.21193
-165.226,0.387365,0.00335788,3,15,0,168.603,1.00032,0.998971,0.998471,0.999669,0.999217,1.21548
-167.957,0.547535,0.00335788,3,11,0,170.862,1.00141,1.00145,0.999511,1.0007,0.999882,1.20378
-166.51,0.760188,0.00335788,4,27,0,170.724,0.99712,0.997622,0.996744,0.997359,0.996774,1.12549
-163.104,0.85259,0.00335788,5,47,0,168.319,0.99928,0.998392,0.998681,0.998712,0.998784,0.961707
-164.313,0.188275,0.00335788,3,7,0,167.02,1.00165,1.00018,0.999744,1.00023,1.00032,0.968852
-164.313,0.0756302,0.00335788,3,15,0,170.798,1.00165,1.00018,0.999744,1.00023,1.00032,0.968852
-163.627,0.401987,0.00335788,3,7,0,166.23,1.00088,0.99898,0.999009,0.999611,0.999055,0.960914
-163.627,0.018421,0.00335788,2,7,0,165.847,1.00088,0.99898,0.999009,0.999611,0.999055,0.960914
-163.627,8.84956e-08,0.00335788,2,3,0,169.158,1.00088,0.99898,0.999009,0.999611,0.999055,0.960914
-166.096,0.111581,0.00335788,3,11,0,173.579,1.00057,0.999709,0.999841,1.00082,1.00039,0.962462
-163.142,0.345044,0.00335788,4,15,0,166.57,1.00053,0.998799,0.999069,0.999731,0.999284,0.975696
-162.925,0.851959,0.00335788,2,3,0,164.282,1.00021,0.999544,0.998831,0.999988,0.999634,0.977016
-162.242,0.358781,0.00335788,3,15,0,164.914,1.00044,0.999744,0.99889,0.999666,0.999231,0.985508
-162.535,0.536516,0.00335788,4,15,0,165.712,1.00041,0.999514,0.998826,0.99958,0.99968,0.97597
-164.913,0.141295,0.00335788,5,35,0,166.667,1.00051,0.999531,0.999203,1.00078,0.99953,0.982116
-165.886,0.813972,0.00335788,3,15,0,167.599,1.00136,1.00006,0.999494,1.00108,0.99949,0.989855
-163.983,0.407991,0.00335788,5,35,0,167.939,1.00113,0.999168,0.999768,0.999763,0.99984,1.05898
-162.763,0.657157,0.00335788,3,15,0,165.825,0.999703,0.999368,0.998004,0.998815,0.998427,1.06305
-163.014,0.35347,0.00335788,5,39,0,164.814,0.999987,0.999199,0.998381,0.998538,0.998337,1.02201
-163.014,0.0850618,0.00335788,1,1,0,164.545,0.999987,0.999199,0.998381,0.998538,0.998337,1.02201
-162.003,0.928988,0.00335788,2,7,0,162.748,0.99964,0.998332,0.998183,0.998441,0.998649,1.01958
-162.952,0.619875,0.00335788,2,7,0,163.614,0.999932,0.999336,0.998427,0.998633,0.998398,1.02116
-163.956,0.411614,0.00335788,2,5,0,164.898,1.00004,0.999026,0.99856,0.998545,0.998015,1.02167
-165.561,0.413119,0.00335788,5,47,0,168.89,1.00071,1.00013,0.999165,1.0003,1.00074,1.03173
-164.617,0.324684,0.00335788,5,43,0,168.478,1.00174,1.00063,0.999869,1.00055,1.00051,1.1078
-163.191,0.207375,0.00335788,2,7,0,170.24,0.999746,0.998351,0.998187,0.999082,0.998179,1.10866
-162.93,0.903619,0.00335788,2,7,0,163.332,0.999401,0.998923,0.997988,0.999032,0.998895,1.10575
-165.393,0.328366,0.00335788,5,59,0,169.697,0.998616,0.99801,0.997278,0.997462,0.996687,0.988439
-163.018,0.543634,0.00335788,2,3,0,166.2,0.998907,0.997532,0.996829,0.997498,0.997732,0.986402
-163.116,0.53735,0.00335788,4,15,0,165.839,1.00045,0.999619,0.999525,0.999847,0.999107,0.967454
-165.182,0.24109,0.00335788,3,7,0,167.37,1.0008,1.00038,0.99954,0.999257,0.999826,0.972409
-163.185,0.589499,0.00335788,3,7,0,164.947,1.00067,0.999782,0.999151,1.00034,0.999365,0.976492
-163.877,0.306847,0.00335788,4,27,0,166.145,0.99911,0.997981,0.997549,0.999055,0.998111,0.94975
-163.918,0.0958868,0.00335788,3,15,0,166.429,0.998438,0.997933,0.998063,0.99817,0.997845,0.954709
-163.918,0.12143,0.00335788,3,15,0,167.591,0.998438,0.997933,0.998063,0.99817,0.997845,0.954709
-164.313,0.868323,0.00335788,5,43,0,167.294,0.999716,0.999445,0.998879,0.999207,0.999151,1.17678
-167.761,0.384858,0.00335788,2,3,0,170.098,0.999819,0.99796,0.999725,0.999258,0.998983,1.17976
-165.241,0.881112,0.00335788,2,3,0,169.276,1.00024,0.998559,0.998258,0.998415,0.999212,1.17785
-164.743,0.634306,0.00335788,2,7,0,167.158,0.999139,0.999049,0.997554,0.99876,0.998566,1.18111
-164.389,0.397081,0.00335788,4,31,0,169.421,0.99894,0.998297,0.997043,0.998214,0.998668,1.12006
-164.954,0.894571,0.00335788,2,7,0,166.242,0.999726,0.997402,0.998162,0.998567,0.99804,1.11728
-165.487,0.885566,0.00335788,5,51,0,167.453,0.999364,0.999582,0.999229,0.998936,0.998242,1.01812
-166.545,0.379742,0.00335788,2,3,0,168.863,1.00003,1.0001,0.997685,0.998683,0.998428,1.01733
-162.067,0.818277,0.00335788,2,3,0,167.331,0.999682,0.998971,0.998671,0.998879,0.999053,1.01924
-163.896,0.166183,0.00335788,5,63,0,168.58,1.00004,0.998485,0.998553,0.999159,0.999043,1.15969
-165.942,0.337446,0.00335788,3,15,0,167.338,1.0002,0.999782,0.999148,0.998667,0.99866,1.16294
-165.176,1,0.00335788,2,7,0,166.137,1.00011,0.999343,0.998788,1.00032,0.999558,1.16411
-163.347,0.573064,0.00335788,5,63,0,167.777,0.999799,0.999131,0.997908,0.998365,0.998925,1.07333
-163.375,0.290016,0.00335788,5,47,0,168.335,0.999161,0.99778,0.997892,0.997632,0.997657,1.05872
-164.12,0.694218,0.00335788,3,11,0,167.339,0.999818,0.999179,0.997414,0.998997,0.999168,1.05668
-164.12,0.000260238,0.00335788,1,1,0,169.132,0.999818,0.999179,0.997414,0.998997,0.999168,1.05668
-166.561,0.416117,0.00335788,5,47,0,170.526,0.997985,0.99612,0.996819,0.996857,0.996328,1.00868
-173.859,0.0443869,0.00335788,2,3,0,175.043,0.996208,0.997132,0.994622,0.997224,0.996632,1.00597
-165.121,0.935141,0.00335788,4,15,0,173.285,0.999823,0.999441,0.997305,0.999487,0.998928,0.989567
-165.604,0.873662,0.00335788,5,59,0,168.013,0.998685,0.998073,0.996905,0.998583,0.998828,1.06936
-163.598,0.756823,0.00335788,4,23,0,167.145,0.999037,0.997762,0.998266,0.998799,0.998119,1.0661
-163.871,0.538483,0.00335788,4,27,0,168.062,1.00039,0.999504,0.998081,0.999296,0.999549,1.09502
-164.633,0.74958,0.00335788,2,7,0,166.642,1.0007,0.998897,0.999266,1.00015,0.99993,1.096
-164.123,0.565646,0.00335788,2,7,0,167.508,0.998809,0.999142,0.997847,0.998949,0.997995,1.09008
-164.131,0.854012,0.00335788,3,15,0,165.868,0.999659,0.997937,0.997449,0.997997,0.9988,1.07839
-165.45,0.911972,0.00335788,2,7,0,167.328,0.998272,0.998077,0.997166,0.998294,0.99673,1.08287
-165.941,0.930296,0.00335788,2,3,0,167.108,0.998482,0.996941,0.996287,0.997624,0.998169,1.07809
-165.089,0.96025,0.00335788,3,7,0,167.147,0.998085,0.997713,0.996296,0.996631,0.997145,1.07539
-162.955,0.907897,0.00335788,5,59,0,168.194,0.999864,0.998433,0.998971,0.999305,0.998729,1.01552
-164.683,0.377197,0.00335788,3,11,0,168.426,0.998237,0.997229,0.995928,0.99669,0.997151,1.02697
-163.08,0.90011,0.00335788,3,15,0,166.032,1.00009,0.998772,0.998394,0.999822,0.999132,1.02929
-163.45,0.735861,0.00335788,5,55,0,165.232,0.998866,0.997341,0.997355,0.997602,0.99817,1.05092
-162.422,0.595744,0.00335788,2,3,0,168.496,0.999177,0.998789,0.997953,0.998341,0.998008,1.04522
-163.041,0.175166,0.00335788,5,43,0,166.241,1.00013,0.998743,0.99911,0.99936,0.999338,1.08651
-164.271,0.78498,0.00335788,5,47,0,165.168,0.99857,0.998986,0.997103,0.998536,0.997944,1.04953
-163.191,0.980277,0.00335788,5,43,0,165.412,1.00064,0.999227,0.998894,0.999538,0.998657,1.00093
-162.069,0.334902,0.00335788,2,7,0,167.219,0.999505,0.998805,0.998021,0.998618,0.99887,1.00535
-162.069,0.314972,0.00335788,2,3,0,163.273,0.999505,0.998805,0.998021,0.998618,0.99887,1.00535
-163.141,0.205917,0.00335788,5,47,0,165.011,0.99929,0.998544,0.99807,0.998096,0.997814,1.08435
-162.36,0.91378,0.00335788,5,35,0,164.562,0.999623,0.99886,0.998351,0.999375,0.998428,1.04466
-165.398,0.260224,0.00335788,3,7,0,167.291,1.00178,1.00091,1.00038,1.00027,1.00008,1.04292
-163.094,0.823795,0.00335788,5,47,0,166.793,1.00038,0.99964,0.998839,1.00004,0.99987,1.02868
-163.139,0.671339,0.00335788,2,3,0,165.189,1.00097,1.00005,0.998998,1.00019,0.999941,1.02658
-165.932,0.476372,0.00335788,5,55,0,167.609,1.00043,0.999613,1.00064,0.999974,0.999633,1.09737
-165.931,0.94894,0.00335788,3,11,0,167.367,0.998651,0.998217,0.998837,0.99849,0.997651,1.10468
-163.724,0.798445,0.00335788,2,7,0,167.577,0.99898,0.998584,0.997009,0.998712,0.998071,1.10838
-164.246,0.748079,0.00335788,5,39,0,166.138,1.00064,0.999013,0.998332,0.999281,0.99827,1.06195
-164.464,0.5129,0.00335788,2,3,0,168.948,0.999883,0.998627,0.999641,0.999353,0.999381,1.05888
-164.715,0.325558,0.00335788,4,31,0,168.726,0.998146,0.99728,0.995965,0.997825,0.996769,1.0397
-171.81,0.116568,0.00335788,2,3,0,173.376,0.997271,0.99877,0.995717,0.997758,0.996426,1.04225
-170.855,1,0.00335788,3,7,0,173.958,0.998855,0.999253,0.996291,0.997912,0.996648,1.02936
-170.855,0.0552747,0.00335788,2,7,0,179.881,0.998855,0.999253,0.996291,0.997912,0.996648,1.02936
-165.112,0.833207,0.00335788,5,35,0,172.912,0.998745,0.998027,0.996889,0.997153,0.997943,1.14885
-164.317,0.999607,0.00335788,4,19,0,165.581,0.999942,0.99956,0.998113,0.999369,0.999091,1.16844
-166.782,0.468167,0.00335788,4,23,0,168.063,0.998614,0.997431,0.996903,0.996682,0.997725,1.20248
-163.913,0.997082,0.00335788,4,23,0,166.263,0.999951,0.998745,0.998511,0.999348,0.998899,1.17428
-165.667,0.645215,0.00335788,2,3,0,166.9,0.999143,0.998683,0.997445,0.998492,0.999106,1.17658
-166.139,0.446798,0.00335788,2,3,0,168.185,0.99952,0.998945,0.999174,0.999625,0.998224,1.17508
-167.616,0.554092,0.00335788,5,43,0,172.117,1.00188,1.00096,1.00017,0.999759,0.99982,1.04755
-163.783,0.985048,0.00335788,2,7,0,167.912,0.99979,0.999252,0.998429,0.999566,0.999738,1.04688
-164.611,0.4141,0.00335788,4,15,0,167.216,1.00125,1.00017,0.999867,0.999572,0.999448,1.03499
-169.339,0.336165,0.00335788,4,31,0,172.956,1.00147,1.00116,1.00149,1.00002,1.00056,1.05179
-166.434,0.986153,0.00335788,5,47,0,170.873,1.00076,1.00048,1.00007,0.999762,1.00068,1.14711
-167.857,0.911078,0.00335788,2,7,0,169.471,1.0018,0.999027,0.999964,1.00045,0.999519,1.14576
-167.857,0.12279,0.00335788,2,3,0,172.429,1.0018,0.999027,0.999964,1.00045,0.999519,1.14576
-166.253,1,0.00335788,2,3,0,167.618,1.00015,1.00054,0.998955,0.999634,1.00012,1.14615
-167.072,0.688512,0.00335788,3,11,0,168.797,1.00117,0.998463,0.998954,0.999584,0.998605,1.14437
-166.278,1,0.00335788,3,15,0,168.279,0.999675,1.00025,0.998994,0.999939,0.999991,1.13573
-164.792,0.678957,0.00335788,2,3,0,168.499,1.00073,0.999079,0.999664,0.999362,0.998972,1.13422
-164.197,0.98212,0.00335788,2,7,0,166.152,0.999543,0.998372,0.998144,0.998936,0.999255,1.13583
-163.325,0.895933,0.00335788,3,15,0,164.597,0.999929,0.999363,0.998549,0.999272,0.999443,1.12393
-164.053,0.568262,0.00335788,4,23,0,168.066,0.99774,0.99736,0.997147,0.997603,0.99716,1.05693
-164.291,0.772454,0.00335788,5,55,0,166.652,1.00086,0.99998,1.0001,1.00033,1.00036,1.11325
-164.291,0.233478,0.00335788,2,3,0,168.094,1.00086,0.99998,1.0001,1.00033,1.00036,1.11325
-163.224,0.991133,0.00335788,3,7,0,164.45,0.999946,0.999105,0.999112,0.99942,0.999407,1.1155
-163.115,0.834932,0.00335788,3,15,0,164.697,0.999671,0.999245,0.998224,0.999208,0.998454,1.11987
-163.927,0.589041,0.00335788,6,67,0,165.425,0.999289,0.99801,0.998304,0.999092,0.998395,0.93846
-164.531,0.0891112,0.00335788,4,15,0,166.507,0.998981,0.997582,0.997405,0.998634,0.998421,0.938876
-164.531,0.00299223,0.00335788,2,3,0,170.743,0.998981,0.997582,0.997405,0.998634,0.998421,0.938876
-164.531,0.0160396,0.00335788,3,7,0,169.065,0.998981,0.997582,0.997405,0.998634,0.998421,0.938876
-165.411,0.198022,0.00335788,2,3,0,167.014,0.998709,0.997707,0.998066,0.998749,0.998561,0.938615
-162.829,0.156084,0.00335788,2,7,0,167.339,0.999649,0.998617,0.998681,0.99922,0.998719,0.93646
-163.657,0.134254,0.00335788,4,19,0,165.586,1.00009,0.999607,0.998058,0.999553,0.998862,0.939739
-163.657,0.000529477,0.00335788,4,15,0,171.993,1.00009,0.999607,0.998058,0.999553,0.998862,0.939739
-163.657,0.0879004,0.00335788,2,7,0,165.638,1.00009,0.999607,0.998058,0.999553,0.998862,0.939739
-164.374,0.335155,0.00335788,4,21,0,168.945,0.999886,0.998117,0.997176,0.997811,0.998354,1.00988
-162.707,1,0.00335788,2,3,0,164.413,0.999281,0.998151,0.99715,0.997954,0.997609,1.01094
-163.315,0.393377,0.00335788,4,31,0,164.893,0.999417,0.998969,0.998671,0.998323,0.998866,0.995893
-163.418,0.720638,0.00335788,5,47,0,167.018,0.998844,0.997428,0.996679,0.997831,0.99713,1.06097
-163.098,0.735883,0.00335788,4,31,0,165.593,1.00024,0.998909,0.997788,0.999183,0.998584,1.07821
-161.882,0.536928,0.00335788,5,55,0,165.863,0.999778,0.998792,0.998458,0.998889,0.999043,1.01593
-163.266,0.138764,0.00335788,3,15,0,165.7,1.00015,0.998821,0.999453,0.999224,0.998892,1.00503
-163.751,0.894947,0.00335788,2,3,0,164.833,0.999958,0.998457,0.998774,0.999283,0.999561,1.00366
-165.359,0.32359,0.00335788,5,55,0,171.207,0.998086,0.998725,0.99737,0.997856,0.997255,1.04246
-163.823,0.863553,0.00335788,2,3,0,166.593,0.999546,0.998032,0.996978,0.997632,0.998017,1.04099
-164.155,0.352447,0.00335788,4,15,0,168.668,1.00114,1.00079,1.00021,1.00068,1.00049,1.0089
-164.155,0.287902,0.00335788,1,3,0,168.385,1.00114,1.00079,1.00021,1.00068,1.00049,1.0089
-166.964,0.232642,0.00335788,5,45,1,172.591,0.998032,0.996049,0.996193,0.997625,0.996555,1.09922
-166.446,0.641016,0.00335788,4,15,0,168.51,1.00199,1.00029,0.999741,1.00119,1.00083,1.13465
-167.219,0.582815,0.00335788,4,15,0,170.787,0.997537,0.996643,0.996132,0.995996,0.996199,1.18384
-169.041,0.585736,0.00335788,5,47,0,172.804,1.00149,1.00166,1.00054,1.00063,1.00059,1.25342
-164.757,0.756505,0.00335788,5,59,1,171.186,0.999628,1.00006,0.998948,0.999721,0.998746,1.1048
-164.956,0.57967,0.00335788,4,31,0,166.878,0.998414,0.996851,0.997481,0.997216,0.997898,1.06891
-164.587,0.687957,0.00335788,3,11,0,167.766,1.00045,0.999979,0.999939,0.999374,0.999158,1.06792
-164.117,1,0.00335788,2,3,0,166.004,1.00045,1.00022,0.998507,1.00023,0.999395,1.0691
-166.461,0.404666,0.00335788,5,51,0,168.074,0.998657,0.997149,0.996603,0.996493,0.997796,1.11952
-166.384,1,0.00335788,2,3,0,167.549,0.998365,0.997683,0.997762,0.998287,0.99673,1.1205
-165.335,0.318848,0.00335788,3,15,0,172.015,0.998944,0.998595,0.997526,0.997296,0.998316,1.10728
-164.322,0.818075,0.00335788,3,15,0,166.739,1.00078,0.999987,0.998688,0.999145,0.999147,1.10274
-167.187,0.612292,0.00335788,6,75,0,169.353,0.99988,0.999152,0.998448,0.997994,0.998008,0.917041
-164.307,0.344624,0.00335788,3,9,0,169.38,0.999813,0.998587,0.997881,0.998784,0.999176,0.907606
-164.653,0.0966265,0.00335788,3,11,0,169.509,0.999012,0.998455,0.998284,0.998966,0.997846,0.917934
-165.132,0.0864835,0.00335788,2,7,0,166.616,0.999593,0.998869,0.998102,0.998028,0.997931,0.914711
-165.132,0.00310967,0.00335788,3,7,0,165.884,0.999593,0.998869,0.998102,0.998028,0.997931,0.914711
-164.276,0.0323245,0.00335788,5,31,0,166.177,0.99931,0.998982,0.997678,0.9983,0.998723,0.915286
-164.276,0.0709682,0.00335788,2,7,0,168.19,0.99931,0.998982,0.997678,0.9983,0.998723,0.915286
-163.162,0.17235,0.00335788,3,9,0,164.451,0.999446,0.998723,0.998428,0.998735,0.998912,0.916436
-167.672,0.00855436,0.00335788,2,7,0,169.62,0.999835,0.998585,0.998271,1.00027,0.999077,0.918585
-167.672,0.00224772,0.00335788,2,7,0,172.005,0.999835,0.998585,0.998271,1.00027,0.999077,0.918585
-166.341,0.105271,0.00335788,4,19,0,168.069,0.999104,0.998859,0.998195,0.998742,0.999467,0.921169
-163.48,0.0652721,0.00335788,5,35,0,166.192,1.00023,0.999394,0.998467,0.998884,0.998831,0.91932
-163.48,0.0450335,0.00335788,4,15,0,164.977,1.00023,0.999394,0.998467,0.998884,0.998831,0.91932
-161.931,0.0369639,0.00335788,5,59,0,168.068,0.999513,0.998498,0.998123,0.998883,0.998823,1.00601
-163.535,0.231483,0.00335788,4,19,0,165.102,0.999259,0.998923,0.99899,0.998758,0.998429,0.989029
-162.855,0.933244,0.00335788,2,3,0,163.761,0.99936,0.998686,0.997947,0.998997,0.999072,0.990338
-167.083,0.0548496,0.00335788,5,55,0,173.306,1.00001,0.998677,0.999116,0.998218,0.997729,1.10132
-164.881,0.769948,0.00335788,4,23,0,168.149,1.0002,0.999783,0.998723,1.00047,0.999715,1.12484
-164.755,0.935502,0.00335788,3,15,0,166.378,0.999183,0.998106,0.997701,0.997608,0.998685,1.13045
-165.057,0.98693,0.00335788,3,11,0,166.087,1.00063,0.999451,0.998639,0.998995,0.998373,1.13185
-165.966,0.542169,0.00335788,3,11,0,169.286,1.0011,0.99968,0.999643,0.999216,1.00037,1.13209
-167.264,0.803373,0.00335788,2,3,0,169.165,1.0009,1.0009,0.999853,0.999343,0.999599,1.13978
-165.783,0.661271,0.00335788,5,47,0,170.009,1.00024,1.0009,0.998914,1.00005,0.999858,1.06102
-165.622,0.578081,0.00335788,5,47,0,169.414,0.998063,0.998672,0.996597,0.998332,0.997652,1.02957
-164.925,0.230902,0.00335788,3,15,0,171.31,0.999307,0.999091,0.99898,0.999364,0.998022,1.00856
-164.856,1,0.00335788,2,3,0,166.097,0.999807,0.998788,0.996988,0.998409,0.998862,1.00794
-164.856,0.0395607,0.00335788,2,3,0,168.355,0.999807,0.998788,0.996988,0.998409,0.998862,1.00794
-166.41,0.71794,0.00335788,2,7,0,167.669,0.998995,0.997343,0.998168,0.998214,0.997007,1.00856
-164.647,0.31122,0.00335788,2,3,0,168.009,0.99836,0.997857,0.997419,0.99882,0.997484,1.0103
-163.474,0.180667,0.00335788,3,15,0,169.783,1.00075,0.999954,0.999053,0.999343,0.999881,1.0124
-165.397,0.261716,0.00335788,2,3,0,167.787,1.00093,0.999649,1.00012,0.999206,1.00005,1.00912
-163.9,0.174802,0.00335788,6,67,0,166.705,0.999329,0.998712,0.998586,0.99891,0.999298,0.952312
-162.297,0.191291,0.00335788,4,21,0,166.515,0.999572,0.998135,0.997921,0.998894,0.998444,0.981486
-163.061,0.312373,0.00335788,4,29,0,166.938,1.00009,0.999784,0.999213,0.999882,0.999222,1.08805
-163.428,0.886774,0.00335788,2,3,0,164.468,1.00054,1.00016,0.998741,0.999704,0.999339,1.08888
-162.944,0.68608,0.00335788,4,31,0,168.121,1.00074,0.999201,0.999278,0.999524,0.99977,1.05282
-163.017,0.399617,0.00335788,2,3,0,164.061,1.00035,0.999845,0.998655,0.999216,0.99891,1.05484
-163.017,0.219264,0.00335788,2,7,0,165.99,1.00035,0.999845,0.998655,0.999216,0.99891,1.05484
-163.337,0.925632,0.00335788,2,7,0,163.945,0.999666,0.999508,0.999002,0.999763,0.998762,1.05378
-163.337,0.211567,0.00335788,2,3,0,168.458,0.999666,0.999508,0.999002,0.999763,0.998762,1.05378
-164.544,0.82931,0.00335788,2,7,0,166.386,1.00097,0.999714,0.999673,0.999772,0.998861,1.05512
-164.88,0.0761222,0.00335788,4,15,0,171.742,0.999682,0.998026,0.996845,0.997714,0.998422,1.05898
-167.901,0.810265,0.00335788,5,47,0,169.878,0.997224,0.996871,0.996036,0.997486,0.997718,1.12514
-163.287,0.735641,0.00335788,5,39,0,169.817,0.999904,0.9998,0.999242,0.999795,0.999673,1.01551
-163.057,0.465597,0.00335788,5,47,0,167.323,0.999701,0.998235,0.997714,0.999017,0.998752,1.08367
-163.057,0.0873709,0.00335788,2,3,0,169.746,0.999701,0.998235,0.997714,0.999017,0.998752,1.08367
-164.348,0.604847,0.00335788,4,31,0,172.599,1.00042,0.998849,0.999433,0.999034,0.999799,0.995665
-162.465,0.860953,0.00335788,5,55,0,164.579,0.999625,0.998886,0.998602,0.999159,0.999254,1.04347
-166.027,0.652392,0.00335788,5,51,0,166.861,1.00044,0.99943,0.998184,0.999158,0.997928,0.974658
-165.105,0.813236,0.00335788,5,63,0,170.356,1.0013,0.999033,0.998595,0.999124,0.999486,1.0492
-163.192,0.654951,0.00335788,2,7,0,166.246,0.99976,0.999406,0.998836,0.998994,0.998353,1.04648
-162.865,0.968201,0.00335788,5,39,0,163.813,0.99902,0.999077,0.997619,0.998578,0.998363,1.02124
-162.865,0.0693898,0.00335788,2,7,0,167.95,0.99902,0.999077,0.997619,0.998578,0.998363,1.02124
-162.865,0.0152419,0.00335788,2,3,0,166.171,0.99902,0.999077,0.997619,0.998578,0.998363,1.02124
-164.954,0.60167,0.00335788,6,75,0,165.84,1.00002,0.999266,0.999215,0.998899,0.998424,1.15567
-165.025,1,0.00335788,2,7,0,166.037,0.999761,0.999742,0.999338,0.999386,0.998724,1.15653
-164.341,0.876214,0.00335788,2,3,0,166.271,0.999976,0.998324,0.998163,0.998743,0.999203,1.15289
-164.413,0.932754,0.00335788,4,15,0,165.393,1.00031,0.999861,0.998773,1.00011,0.999262,1.16353
-164.874,0.50753,0.00335788,5,39,0,167.957,0.99886,0.997227,0.996863,0.998427,0.998103,1.10804
-165.822,0.554121,0.00335788,2,7,0,168.213,0.997941,0.998442,0.996899,0.99843,0.99805,1.10747
-162.891,0.693391,0.00335788,5,55,0,167.426,0.999771,0.998136,0.997464,0.998332,0.998529,1.05882
-165.521,0.458785,0.00335788,2,3,0,166.993,0.998711,0.998044,0.998674,0.999209,0.998235,1.06106
-163.681,0.714727,0.00335788,2,7,0,166.055,0.999553,0.997584,0.997764,0.998824,0.998292,1.06127
-162.908,0.963687,0.00335788,2,7,0,165.774,1.00027,0.998742,0.998241,0.99874,0.998362,1.06185
-163.125,0.800517,0.00335788,3,11,0,163.934,0.999973,0.999547,0.99897,0.999147,0.99963,1.0578
-163.792,0.178447,0.00335788,4,15,0,169.462,0.999142,0.998314,0.998134,0.997571,0.997963,1.04929
-163.107,0.543482,0.00335788,2,7,0,165.364,0.999272,0.998878,0.997508,0.998186,0.998617,1.05062
-162.783,0.957937,0.00335788,2,3,0,163.653,0.998982,0.998597,0.998465,0.998758,0.998545,1.05074
-165.718,0.1105,0.00335788,5,43,0,170.425,1.00103,0.99891,0.998466,0.999997,0.999833,1.12842
-163.597,1,0.00335788,2,3,0,165.6,1.00066,0.999499,0.998516,0.999804,0.999362,1.12821
-165.673,0.835585,0.00335788,3,7,0,166.518,1.0014,1.00037,1.00099,1.00076,1.00042,1.12242
-165.15,0.438785,0.00335788,5,47,0,172.143,0.998498,0.998452,0.997668,0.997368,0.998302,1.00048
-165.347,0.914051,0.00335788,5,51,0,167.853,0.998781,0.997418,0.998415,0.99873,0.998257,1.08299
-165.101,0.903633,0.00335788,6,79,0,167.471,1.00041,0.998862,1.00004,0.999799,0.999826,1.05897
-165.355,0.279665,0.00335788,2,7,0,168.877,1.00062,0.998697,0.998349,1.00025,0.999368,1.06042
-163.368,0.957766,0.00335788,2,3,0,165.805,0.999756,0.999056,0.998798,0.998654,0.999393,1.06372
-164.259,0.555956,0.00335788,2,3,0,165.545,1.00014,0.99867,0.998783,1.00002,0.998672,1.06405
-163.207,0.555878,0.00335788,4,23,0,167.166,0.998968,0.998138,0.998153,0.998407,0.997777,0.94888
-164.611,0.086474,0.00335788,4,15,0,165.691,0.998828,0.997799,0.998116,0.99894,0.998089,0.949852
-163.877,0.299573,0.00335788,3,11,0,165.503,0.998972,0.998518,0.997791,0.998363,0.997421,0.951692
-163.877,0.000123902,0.00335788,5,31,0,170.948,0.998972,0.998518,0.997791,0.998363,0.997421,0.951692
-163.877,0.011337,0.00335788,4,15,0,169.602,0.998972,0.998518,0.997791,0.998363,0.997421,0.951692
-164.118,0.419043,0.00335788,5,39,0,168.991,1.00112,0.999603,0.998414,0.999804,0.999488,0.990766
-163.511,0.274448,0.00335788,3,15,0,166.186,1.00115,0.999739,0.999131,1.00022,0.999334,0.998289
-162.041,0.201077,0.00335788,4,17,0,167.546,1.00008,0.999204,0.998704,0.999296,0.998685,0.98595
-162.711,0.128314,0.00335788,4,17,0,164.837,0.999471,0.998902,0.997689,0.998363,0.998281,0.95347
-162.236,0.391437,0.00335788,2,3,0,165.626,0.999342,0.998446,0.998205,0.998621,0.99815,0.955099
-162.236,0.0527062,0.00335788,2,3,0,164.139,0.999342,0.998446,0.998205,0.998621,0.99815,0.955099
-163.234,0.271786,0.00335788,4,15,0,165.043,1.00121,0.999951,0.999624,1.00033,1.00001,0.973017
-163.234,0.122278,0.00335788,3,15,0,167.893,1.00121,0.999951,0.999624,1.00033,1.00001,0.973017
-165.276,0.50638,0.00335788,3,15,0,166.436,0.997332,0.996926,0.995939,0.996895,0.996439,0.962022
-164.6,0.0774321,0.00335788,3,11,0,170.64,1.00114,0.999741,0.99937,0.999818,1.0004,0.957406
-164.297,0.379569,0.00335788,4,27,0,168.474,1.00065,0.999625,0.99983,0.999431,0.999212,0.949882
-164.297,0.0229169,0.00335788,4,15,0,172.897,1.00065,0.999625,0.99983,0.999431,0.999212,0.949882
-163.564,0.0909402,0.00335788,4,15,0,166.702,0.998221,0.997517,0.996695,0.99789,0.997499,0.950229
-169.18,0.0240772,0.00335788,3,11,0,172.631,1.00217,1.00025,1.00112,1.00004,1.00062,0.959133
-168.423,0.286289,0.00335788,4,15,0,170.735,1.00145,0.999753,1.00091,1.00024,1.001,0.957411
-166.509,0.389998,0.00335788,2,3,0,172.444,1.00139,1.00039,0.999392,1.00131,1.00012,0.951385
-164.22,0.26008,0.00335788,4,23,0,169.883,0.99777,0.996916,0.996258,0.997576,0.996908,1.00897
-164.922,0.401727,0.00335788,3,15,0,166.808,1.00196,1.00103,1.00016,1.00098,1.00036,1.02615
-163.598,0.543273,0.00335788,3,11,0,167.614,0.998524,0.996827,0.996666,0.997494,0.997366,1.01375
-163.598,0.262232,0.00335788,2,3,0,168.838,0.998524,0.996827,0.996666,0.997494,0.997366,1.01375
-163.482,0.611594,0.00335788,2,3,0,165.768,0.998152,0.997443,0.997286,0.997491,0.997034,1.01709
-162.534,0.618927,0.00335788,3,15,0,165.109,0.998633,0.997842,0.996815,0.997966,0.997447,1.02326
-162.693,0.2539,0.00335788,5,43,0,165.01,1.0005,0.998741,0.998626,0.998896,0.99905,1.00394
-162.993,0.309531,0.00335788,5,39,0,165.809,0.999835,0.998233,0.998602,0.999293,0.998563,1.02111
-164.018,0.12859,0.00335788,4,19,0,167.485,0.999559,0.998908,0.997435,0.998988,0.99768,1.03112
-164.018,0.267883,0.00335788,2,3,0,170.451,0.999559,0.998908,0.997435,0.998988,0.99768,1.03112
-164.018,0.231742,0.00335788,1,1,0,166.41,0.999559,0.998908,0.997435,0.998988,0.99768,1.03112
-162.337,0.98541,0.00335788,5,51,0,164.249,1.00021,0.998928,0.998506,0.998787,0.998776,1.06267
-166.46,0.332754,0.00335788,2,3,0,167.809,0.999342,1.00006,0.997927,0.999868,0.999293,1.06251
-166.82,0.32761,0.00335788,5,63,0,172.549,0.997359,0.998319,0.996701,0.997755,0.997395,1.10632
-164.956,0.334058,0.00335788,5,47,0,174.484,1.00099,0.998699,0.998489,0.999864,0.999572,1.02188
-164.447,0.948093,0.00335788,6,71,0,167.062,1.00047,1.00026,0.999742,0.999925,0.999378,1.13558
-163.96,0.393092,0.00335788,5,51,0,166.678,1.00056,1.00056,0.998936,0.999872,0.99959,1.01117
-164.064,0.818147,0.00335788,5,47,0,165.947,0.999126,0.997706,0.997357,0.99811,0.998774,1.06223
-164.064,0.333704,0.00335788,1,3,0,168.784,0.999126,0.997706,0.997357,0.99811,0.998774,1.06223
-165.499,0.835391,0.00335788,2,7,0,166.262,0.998947,0.997978,0.996871,0.997871,0.996611,1.06684
-163.444,0.826619,0.00335788,2,7,0,167.902,0.998344,0.998017,0.997836,0.998325,0.997802,1.06741
-161.846,0.854045,0.00335788,5,63,0,165.242,0.999347,0.998508,0.99825,0.998838,0.998504,0.988689
-161.846,0.0277038,0.00335788,2,7,0,168.577,0.999347,0.998508,0.99825,0.998838,0.998504,0.988689
-161.846,0.0205497,0.00335788,1,1,0,164.989,0.999347,0.998508,0.99825,0.998838,0.998504,0.988689
-161.846,0.103203,0.00335788,1,3,0,165.644,0.999347,0.998508,0.99825,0.998838,0.998504,0.988689
-161.846,3.43751e-05,0.00335788,2,3,0,167.29,0.999347,0.998508,0.99825,0.998838,0.998504,0.988689
-167.399,0.0366221,0.00335788,2,3,0,169.128,0.999334,0.999679,0.997945,0.999819,0.997864,0.985876
-165.148,1,0.00335788,2,3,0,167.381,0.999752,0.997818,0.997993,0.998961,0.999255,0.9875
-167.451,0.413083,0.00335788,5,47,0,170.804,0.998727,0.996399,0.997257,0.998004,0.998273,1.09224
-163.869,0.646217,0.00335788,3,11,0,170.402,1.00003,0.998508,0.99899,0.999574,0.998491,1.06951
-163.222,0.815762,0.00335788,5,43,0,166.793,1.00002,0.998879,0.997829,0.999132,0.999163,0.955702
# 
#  Elapsed Time: 0.110241 seconds (Warm-up)
#                0.152936 seconds (Sampling)
#                0.263177 seconds (Total)
# 
